000001	320.0
000002	269.0
000003	262.0
000004	876.0
000005	288.0
000006	671.0
000007	822.0
000008	791.0
000009	451.0
000010	909.0
000011	60.0
000012	796.0
000013	700.0
000014	912.0
000015	895.0
000016	662.0
000017	291.0
000018	309.0
000019	291.0
000020	654.0
000021	826.0
000022	831.0
000023	889.0
000024	1073.0
000025	660.0
000026	944.0
000027	315.0
000028	1063.0
000029	277.0
000030	1023.0
000031	NODATA
000032	733.0
000033	763.0
000034	774.0
000035	962.0
000036	648.0
000037	714.0
000038	504.0
000039	303.0
000040	273.0
000041	245.0
000042	212.0
000043	778.0
000044	0
000045	194.0
000046	841.0
000047	NODATA
000048	672.0
000049	275.0
000050	256.0
000051	1085.0
000052	809.0
000053	NODATA
000054	0
000055	785.0
000056	909.0
000057	604.0
000058	590.0
000059	NODATA
000060	300.0
000061	621.0
000062	310.0
000063	0
000064	1228.0
000065	680.0
000066	590.0
000067	835.0
000068	0
000069	284.0
000070	866.0
000071	NODATA
000072	0
000073	178.0
000074	209.0
000075	1135.0
000076	948.0
000077	1046.0
000078	1116.0
000079	384.0
000080	245.0
000081	602.0
000082	953.0
000083	274.0
000084	358.0
000085	252.0
000086	394.0
000087	889.0
000088	754.0
000089	199.0
000090	1118.0
000091	1003.0
000092	1185.0
000093	919.0
000094	236.0
000095	994.0
000096	230.0
000097	394.0
000098	1044.0
000099	NODATA
000100	954.0
000101	527.0
000102	353.0
000103	237.0
000104	714.0
000105	908.0
000106	894.0
000107	143.0
000108	464.0
000109	873.0
000110	671.0
000111	1094.0
000112	209.0
000113	1145.0
000114	1397.0
000115	381.0
000116	1623.0
000117	1372.0
000118	NODATA
000119	236.0
000120	1071.0
000121	364.0
000122	450.0
000123	387.0
000124	1056.0
000125	1265.0
000126	1080.0
000127	888.0
000128	933.0
000129	288.0
000130	1387.0
000131	556.0
000132	735.0
000133	627.0
000134	1040.0
000135	965.0
000136	226.0
000137	1260.0
000138	439.0
000139	1049.0
000140	1086.0
000141	985.0
000142	715.0
000143	733.0
000144	938.0
000145	1345.0
000146	598.0
000147	1026.0
000148	1245.0
000149	1216.0
000150	1195.0
000151	788.0
000152	781.0
000153	440.0
000154	983.0
000155	465.0
000156	429.0
000157	761.0
000158	1087.0
000159	1149.0
000160	NODATA
000161	480.0
000162	1283.0
000163	965.0
000164	1018.0
000165	1130.0
000166	244.0
000167	1202.0
000168	914.0
000169	870.0
000170	990.0
000171	1127.0
000172	522.0
000173	1181.0
000174	1008.0
000175	325.0
000176	1602.0
000177	1096.0
000178	983.0
000179	1242.0
000180	202.0
000181	1286.0
000182	880.0
000183	1142.0
000184	1224.0
000185	2018.0
000186	1359.0
000187	1517.0
000188	988.0
000189	1089.0
000190	1054.0
000191	1140.0
000192	1134.0
000193	227.0
000194	856.0
000195	975.0
000196	429.0
000197	998.0
000198	1026.0
000199	859.0
000200	1772.0
000201	408.0
000202	238.0
000203	939.0
000204	1306.0
000205	1316.0
000206	934.0
000207	552.0
000208	1171.0
000209	937.0
000210	1028.0
000211	756.0
000212	1318.0
000213	1711.0
000214	829.0
000215	1697.0
000216	1266.0
000217	1009.0
000218	1128.0
000219	1286.0
000220	731.0
000221	1007.0
000222	284.0
000223	352.0
000224	1019.0
000225	1101.0
000226	1164.0
000227	1000.0
000228	277.0
000229	745.0
000230	1164.0
000231	953.0
000232	1135.0
000233	1124.0
000234	907.0
000235	1060.0
000236	1368.0
000237	197.0
000238	1087.0
000239	1016.0
000240	1389.0
000241	285.0
000242	990.0
000243	1403.0
000244	1014.0
000245	1678.0
000246	946.0
000247	957.0
000248	975.0
000249	1182.0
000250	1206.0
000251	178.0
000252	1107.0
000253	1414.0
000254	800.0
000255	893.0
000256	879.0
000257	348.0
000258	825.0
000259	886.0
000260	1518.0
000261	1426.0
000262	821.0
000263	748.0
000264	1122.0
000265	1229.0
000266	966.0
000267	1174.0
000268	982.0
000269	209.0
000270	1868.0
000271	813.0
000272	213.0
000273	998.0
000274	969.0
000275	984.0
000276	931.0
000277	1899.0
000278	1396.0
000279	921.0
000280	953.0
000281	1127.0
000282	1253.0
000283	1362.0
000284	1259.0
000285	1060.0
000286	211.0
000287	944.0
000288	1243.0
000289	1580.0
000290	974.0
000291	674.0
000292	1246.0
000293	1098.0
000294	240.0
000295	192.0
000296	863.0
000297	1151.0
000298	1038.0
000299	956.0
000300	1189.0
000301	936.0
000302	153.0
000303	1422.0
000304	135.0
000305	1034.0
000306	140.0
000307	334.0
000308	1000.0
000309	1011.0
000310	241.0
000311	559.0
000312	1507.0
000313	1222.0
000314	NODATA
000315	1138.0
000316	1168.0
000317	NODATA
000318	1100.0
000319	1152.0
000320	1063.0
000321	1674.0
000322	1237.0
000323	269.0
000324	1372.0
000325	899.0
000326	1146.0
000327	242.0
000328	1077.0
000329	954.0
000330	1535.0
000331	230.0
000332	1003.0
000333	2678.0
000334	1197.0
000335	240.0
000336	1099.0
000337	340.0
000338	326.0
000339	606.0
000340	1288.0
000341	1208.0
000342	2222.0
000343	1490.0
000344	1523.0
000345	1917.0
000346	1071.0
000347	1064.0
000348	1099.0
000349	NODATA
000350	402.0
000351	264.0
000352	612.0
000353	202.0
000354	1041.0
000355	1241.0
000356	1072.0
000357	1056.0
000358	1184.0
000359	914.0
000360	1148.0
000361	2128.0
000362	775.0
000363	793.0
000364	327.0
000365	958.0
000366	1295.0
000367	255.0
000368	1231.0
000369	1320.0
000370	518.0
000371	558.0
000372	1171.0
000373	1080.0
000374	1082.0
000375	943.0
000376	1090.0
000377	249.0
000378	1261.0
000379	1045.0
000380	1066.0
000381	962.0
000382	1151.0
000383	1097.0
000384	299.0
000385	1026.0
000386	640.0
000387	1164.0
000388	819.0
000389	1017.0
000390	374.0
000391	927.0
000392	375.0
000393	288.0
000394	1027.0
000395	1029.0
000396	1056.0
000397	585.0
000398	310.0
000399	1056.0
000400	1234.0
000401	950.0
000402	1141.0
000403	1070.0
000404	378.0
000405	1103.0
000406	963.0
000407	931.0
000408	959.0
000409	212.0
000410	1136.0
000411	1050.0
000412	1254.0
000413	1330.0
000414	1051.0
000415	1280.0
000416	1791.0
000417	552.0
000418	1338.0
000419	1782.0
000420	1047.0
000421	1155.0
000422	493.0
000423	1414.0
000424	NODATA
000425	606.0
000426	997.0
000427	252.0
000428	951.0
000429	495.0
000430	NODATA
000431	311.0
000432	248.0
000433	NODATA
000434	1023.0
000435	1024.0
000436	NODATA
000437	728.0
000438	NODATA
000439	NODATA
000440	673.0
000441	NODATA
000442	255.0
000443	229.0
000444	262.0
000445	839.0
000446	828.0
000447	NODATA
000448	750.0
000449	NODATA
000450	NODATA
000451	548.0
000452	NODATA
000453	765.0
000454	NODATA
000455	212.0
000456	289.0
000457	NODATA
000458	NODATA
000459	NODATA
000460	703.0
000461	689.0
000462	1041.0
000463	812.0
000464	NODATA
000465	1165.0
000466	279.0
000467	1063.0
000468	450.0
000469	726.0
000470	459.0
000471	858.0
000472	926.0
000473	1308.0
000474	1020.0
000475	1477.0
000476	312.0
000477	378.0
000478	934.0
000479	NODATA
000480	1929.0
000481	1137.0
000482	1184.0
000483	1031.0
000484	1211.0
000485	1072.0
000486	1030.0
000487	311.0
000488	1213.0
000489	1750.0
000490	251.0
000491	1233.0
000492	370.0
000493	277.0
000494	185.0
000495	1402.0
000496	201.0
000497	1001.0
000498	1172.0
000499	1195.0
000500	1205.0
000501	873.0
000502	1054.0
000503	1385.0
000504	1447.0
000505	1001.0
000506	1155.0
000507	1141.0
000508	1204.0
000509	1011.0
000510	1207.0
000511	1355.0
000512	977.0
000513	893.0
000514	1316.0
000515	1211.0
000516	1645.0
000517	1399.0
000518	163.0
000519	1340.0
000520	1046.0
000521	1038.0
000522	1012.0
000523	276.0
000524	850.0
000525	1115.0
000526	NODATA
000527	1151.0
000528	869.0
000529	1021.0
000530	985.0
000531	930.0
000532	603.0
000533	1045.0
000534	1240.0
000535	891.0
000536	1321.0
000537	906.0
000538	1125.0
000539	1365.0
000540	1177.0
000541	1083.0
000542	1672.0
000543	1177.0
000544	1276.0
000545	1140.0
000546	198.0
000547	2065.0
000548	1129.0
000549	1225.0
000550	1407.0
000551	952.0
000552	773.0
000553	1445.0
000554	1201.0
000555	1200.0
000556	1050.0
000557	1006.0
000558	805.0
000559	1280.0
000560	848.0
000561	1376.0
000562	1114.0
000563	1316.0
000564	210.0
000565	247.0
000566	1609.0
000567	843.0
000568	1170.0
000569	1080.0
000570	1481.0
000571	1275.0
000572	1136.0
000573	977.0
000574	1414.0
000575	1485.0
000576	1286.0
000577	1190.0
000578	527.0
000579	1538.0
000580	1198.0
000581	992.0
000582	1164.0
000583	1550.0
000584	1116.0
000585	1057.0
000586	1262.0
000587	266.0
000588	715.0
000589	739.0
000590	303.0
000591	803.0
000592	606.0
000593	0
000594	888.0
000595	NODATA
000596	180.0
000597	756.0
000598	743.0
000599	NODATA
000600	681.0
000601	276.0
000602	723.0
000603	NODATA
000604	260.0
000605	303.0
000606	871.0
000607	NODATA
000608	772.0
000609	1031.0
000610	857.0
000611	645.0
000612	767.0
000613	791.0
000614	284.0
000615	252.0
000616	315.0
000617	792.0
000618	NODATA
000619	711.0
000620	279.0
000621	604.0
000622	350.0
000623	961.0
000624	928.0
000625	0
000626	175.0
000627	779.0
000628	354.0
000629	458.0
000630	283.0
000631	1021.0
000632	727.0
000633	291.0
000634	NODATA
000635	229.0
000636	289.0
000637	609.0
000638	270.0
000639	742.0
000640	836.0
000641	676.0
000642	261.0
000643	266.0
000644	741.0
000645	NODATA
000646	NODATA
000647	0
000648	896.0
000649	281.0
000650	304.0
000651	696.0
000652	784.0
000653	251.0
000654	NODATA
000655	0
000656	761.0
000657	758.0
000658	975.0
000659	NODATA
000660	929.0
000661	1067.0
000662	278.0
000663	673.0
000664	NODATA
000665	0
000666	NODATA
000667	213.0
000668	NODATA
000669	833.0
000670	708.0
000671	250.0
000672	732.0
000673	NODATA
000674	NODATA
000675	980.0
000676	NODATA
000677	1123.0
000678	NODATA
000679	306.0
000680	581.0
000681	864.0
000682	309.0
000683	851.0
000684	NODATA
000685	NODATA
000686	921.0
000687	279.0
000688	295.0
000689	0
000690	0
000691	559.0
000692	600.0
000693	833.0
000694	NODATA
000695	686.0
000696	0
000697	310.0
000698	398.0
000699	297.0
000700	NODATA
000701	778.0
000702	742.0
000703	307.0
000704	276.0
000705	250.0
000706	732.0
000707	600.0
000708	636.0
000709	733.0
000710	259.0
000711	553.0
000712	514.0
000713	431.0
000714	268.0
000715	865.0
000716	303.0
000717	NODATA
000718	742.0
000719	NODATA
000720	711.0
000721	313.0
000722	721.0
000723	NODATA
000724	295.0
000725	1012.0
000726	1111.0
000727	776.0
000728	0
000729	817.0
000730	774.0
000731	0
000732	462.0
000733	709.0
000734	383.0
000735	255.0
000736	NODATA
000737	375.0
000738	781.0
000739	924.0
000740	272.0
000741	NODATA
000742	331.0
000743	NODATA
000744	NODATA
000745	298.0
000746	321.0
000747	270.0
000748	309.0
000749	297.0
000750	378.0
000751	286.0
000752	865.0
000753	1145.0
000754	NODATA
000755	367.0
000756	708.0
000757	552.0
000758	577.0
000759	772.0
000760	NODATA
000761	696.0
000762	0
000763	NODATA
000764	293.0
000765	357.0
000766	597.0
000767	332.0
000768	277.0
000769	675.0
000770	0
000771	964.0
000772	467.0
000773	0
000774	316.0
000775	NODATA
000776	NODATA
000777	NODATA
000778	657.0
000779	286.0
000780	513.0
000781	499.0
000782	NODATA
000783	223.0
000784	NODATA
000785	0
000786	313.0
000787	820.0
000788	1162.0
000789	NODATA
000790	749.0
000791	509.0
000792	NODATA
000793	NODATA
000794	NODATA
000795	344.0
000796	913.0
000797	605.0
000798	898.0
000799	707.0
000800	714.0
000801	NODATA
000802	NODATA
000803	376.0
000804	738.0
000805	279.0
000806	868.0
000807	262.0
000808	857.0
000809	272.0
000810	597.0
000811	257.0
000812	299.0
000813	0
000814	327.0
000815	478.0
000816	619.0
000817	281.0
000818	664.0
000819	461.0
000820	889.0
000821	754.0
000822	790.0
000823	320.0
000824	299.0
000825	1010.0
000826	1007.0
000827	621.0
000828	296.0
000829	295.0
000830	410.0
000831	1042.0
000832	276.0
000833	1019.0
000834	750.0
000835	287.0
000836	699.0
000837	854.0
000838	442.0
000839	NODATA
000840	NODATA
000841	222.0
000842	878.0
000843	NODATA
000844	319.0
000845	762.0
000846	NODATA
000847	NODATA
000848	0
000849	257.0
000850	270.0
000851	NODATA
000852	NODATA
000853	NODATA
000854	NODATA
000855	NODATA
000856	278.0
000857	NODATA
000858	NODATA
000859	545.0
000860	NODATA
000861	NODATA
000862	296.0
000863	289.0
000864	NODATA
000865	NODATA
000866	305.0
000867	299.0
000868	734.0
000869	584.0
000870	903.0
000871	798.0
000872	435.0
000873	490.0
000874	373.0
000875	976.0
000876	NODATA
000877	0
000878	287.0
000879	270.0
000880	NODATA
000881	304.0
000882	247.0
000883	866.0
000884	NODATA
000885	915.0
000886	681.0
000887	269.0
000888	0
000889	264.0
000890	351.0
000891	NODATA
000892	795.0
000893	267.0
000894	434.0
000895	952.0
000896	NODATA
000897	356.0
000898	NODATA
000899	600.0
000900	0
000901	NODATA
000902	817.0
000903	294.0
000904	611.0
000905	0
000906	252.0
000907	285.0
000908	NODATA
000909	873.0
000910	471.0
000911	0
000912	NODATA
000913	792.0
000914	612.0
000915	908.0
000916	596.0
000917	797.0
000918	343.0
000919	1092.0
000920	0
000921	300.0
000922	761.0
000923	277.0
000924	841.0
000925	NODATA
000926	953.0
000927	992.0
000928	855.0
000929	310.0
000930	281.0
000931	804.0
000932	0
000933	650.0
000934	267.0
000935	883.0
000936	0
000937	421.0
000938	997.0
000939	315.0
000940	1251.0
000941	488.0
000942	284.0
000943	541.0
000944	NODATA
000945	857.0
000946	793.0
000947	807.0
000948	302.0
000949	0
000950	571.0
000951	721.0
000952	284.0
000953	303.0
000954	247.0
000955	232.0
000956	269.0
000957	351.0
000958	286.0
000959	317.0
000960	318.0
000961	NODATA
000962	785.0
000963	772.0
000964	326.0
000965	954.0
000966	805.0
000967	567.0
000968	601.0
000969	223.0
000970	848.0
000971	711.0
000972	349.0
000973	646.0
000974	1035.0
000975	316.0
000976	790.0
000977	762.0
000978	341.0
000979	811.0
000980	0
000981	NODATA
000982	820.0
000983	787.0
000984	418.0
000985	NODATA
000986	927.0
000987	916.0
000988	687.0
000989	905.0
000990	0
000991	636.0
000992	304.0
000993	913.0
000994	818.0
000995	736.0
000996	953.0
000997	NODATA
000998	835.0
000999	NODATA
001000	824.0
001001	0
001002	0
001003	824.0
001004	481.0
001005	318.0
001006	742.0
001007	NODATA
001008	554.0
001009	427.0
001010	0
001011	641.0
001012	717.0
001013	NODATA
001014	NODATA
001015	324.0
001016	647.0
001017	401.0
001018	1102.0
001019	107.0
001020	634.0
001021	763.0
001022	411.0
001023	705.0
001024	946.0
001025	NODATA
001026	652.0
001027	672.0
001028	646.0
001029	1290.0
001030	615.0
001031	894.0
001032	383.0
001033	1313.0
001034	327.0
001035	417.0
001036	758.0
001037	373.0
001038	852.0
001039	388.0
001040	991.0
001041	NODATA
001042	722.0
001043	NODATA
001044	430.0
001045	762.0
001046	864.0
001047	690.0
001048	NODATA
001049	1112.0
001050	514.0
001051	663.0
001052	635.0
001053	267.0
001054	682.0
001055	300.0
001056	1088.0
001057	246.0
001058	0
001059	353.0
001060	0
001061	680.0
001062	1218.0
001063	188.0
001064	823.0
001065	584.0
001066	819.0
001067	0
001068	401.0
001069	459.0
001070	140.0
001071	1075.0
001072	347.0
001073	1030.0
001074	619.0
001075	901.0
001076	213.0
001077	0
001078	640.0
001079	0
001080	276.0
001081	792.0
001082	680.0
001083	517.0
001084	1066.0
001085	0
001086	350.0
001087	745.0
001088	848.0
001089	713.0
001090	968.0
001091	447.0
001092	587.0
001093	790.0
001094	219.0
001095	642.0
001096	227.0
001097	947.0
001098	919.0
001099	671.0
001100	765.0
001101	1054.0
001102	803.0
001103	641.0
001104	NODATA
001105	390.0
001106	753.0
001107	215.0
001108	341.0
001109	596.0
001110	194.0
001111	795.0
001112	869.0
001113	935.0
001114	465.0
001115	212.0
001116	970.0
001117	582.0
001118	405.0
001119	755.0
001120	NODATA
001121	666.0
001122	863.0
001123	845.0
001124	517.0
001125	697.0
001126	782.0
001127	NODATA
001128	NODATA
001129	NODATA
001130	744.0
001131	NODATA
001132	NODATA
001133	NODATA
001134	NODATA
001135	NODATA
001136	NODATA
001137	NODATA
001138	NODATA
001139	NODATA
001140	NODATA
001141	847.0
001142	NODATA
001143	NODATA
001144	NODATA
001145	701.0
001146	NODATA
001147	NODATA
001148	NODATA
001149	NODATA
001150	NODATA
001151	NODATA
001152	NODATA
001153	NODATA
001154	NODATA
001155	NODATA
001156	NODATA
001157	NODATA
001158	NODATA
001159	NODATA
001160	NODATA
001161	294.0
001162	NODATA
001163	NODATA
001164	NODATA
001165	370.0
001166	NODATA
001167	NODATA
001168	NODATA
001169	651.0
001170	NODATA
001171	NODATA
001172	NODATA
001173	NODATA
001174	745.0
001175	NODATA
001176	NODATA
001177	NODATA
001178	NODATA
001179	813.0
001180	NODATA
001181	NODATA
001182	788.0
001183	NODATA
001184	NODATA
001185	NODATA
001186	NODATA
001187	821.0
001188	NODATA
001189	530.0
001190	656.0
001191	455.0
001192	NODATA
001193	NODATA
001194	173.0
001195	1332.0
001196	NODATA
001197	NODATA
001198	615.0
001199	869.0
001200	868.0
001201	971.0
001202	701.0
001203	786.0
001204	NODATA
001205	648.0
001206	NODATA
001207	NODATA
001208	NODATA
001209	660.0
001210	NODATA
001211	NODATA
001212	713.0
001213	284.0
001214	NODATA
001215	769.0
001216	644.0
001217	914.0
001218	NODATA
001219	515.0
001220	775.0
001221	NODATA
001222	325.0
001223	851.0
001224	825.0
001225	283.0
001226	820.0
001227	469.0
001228	854.0
001229	570.0
001230	343.0
001231	1008.0
001232	NODATA
001233	1183.0
001234	935.0
001235	NODATA
001236	NODATA
001237	818.0
001238	1026.0
001239	1018.0
001240	777.0
001241	477.0
001242	NODATA
001243	613.0
001244	634.0
001245	NODATA
001246	NODATA
001247	567.0
001248	816.0
001249	NODATA
001250	0
001251	600.0
001252	558.0
001253	497.0
001254	NODATA
001255	799.0
001256	682.0
001257	1095.0
001258	NODATA
001259	334.0
001260	NODATA
001261	NODATA
001262	NODATA
001263	1831.0
001264	439.0
001265	0
001266	860.0
001267	NODATA
001268	477.0
001269	764.0
001270	750.0
001271	660.0
001272	882.0
001273	NODATA
001274	262.0
001275	258.0
001276	576.0
001277	NODATA
001278	254.0
001279	861.0
001280	NODATA
001281	917.0
001282	954.0
001283	251.0
001284	78.0
001285	441.0
001286	417.0
001287	0
001288	NODATA
001289	713.0
001290	271.0
001291	294.0
001292	746.0
001293	244.0
001294	NODATA
001295	588.0
001296	636.0
001297	NODATA
001298	973.0
001299	467.0
001300	0
001301	655.0
001302	301.0
001303	329.0
001304	391.0
001305	992.0
001306	739.0
001307	722.0
001308	421.0
001309	876.0
001310	NODATA
001311	397.0
001312	625.0
001313	461.0
001314	742.0
001315	1126.0
001316	NODATA
001317	813.0
001318	384.0
001319	NODATA
001320	1111.0
001321	356.0
001322	930.0
001323	NODATA
001324	1360.0
001325	825.0
001326	654.0
001327	0
001328	517.0
001329	735.0
001330	NODATA
001331	304.0
001332	NODATA
001333	664.0
001334	794.0
001335	446.0
001336	900.0
001337	NODATA
001338	837.0
001339	1145.0
001340	1461.0
001341	NODATA
001342	NODATA
001343	1130.0
001344	909.0
001345	454.0
001346	363.0
001347	318.0
001348	600.0
001349	290.0
001350	606.0
001351	1318.0
001352	332.0
001353	843.0
001354	884.0
001355	1194.0
001356	NODATA
001357	1006.0
001358	0
001359	654.0
001360	542.0
001361	365.0
001362	1188.0
001363	877.0
001364	807.0
001365	1020.0
001366	560.0
001367	851.0
001368	418.0
001369	1030.0
001370	665.0
001371	711.0
001372	1318.0
001373	743.0
001374	536.0
001375	439.0
001376	963.0
001377	787.0
001378	1375.0
001379	808.0
001380	425.0
001381	781.0
001382	290.0
001383	722.0
001384	849.0
001385	1078.0
001386	NODATA
001387	476.0
001388	522.0
001389	719.0
001390	819.0
001391	570.0
001392	957.0
001393	745.0
001394	NODATA
001395	NODATA
001396	NODATA
001397	NODATA
001398	667.0
001399	894.0
001400	519.0
001401	468.0
001402	327.0
001403	711.0
001404	395.0
001405	810.0
001406	934.0
001407	638.0
001408	651.0
001409	1073.0
001410	603.0
001411	795.0
001412	1100.0
001413	NODATA
001414	685.0
001415	558.0
001416	887.0
001417	607.0
001418	697.0
001419	725.0
001420	0.0
001421	685.0
001422	798.0
001423	717.0
001424	1156.0
001425	738.0
001426	325.0
001427	736.0
001428	1215.0
001429	738.0
001430	698.0
001431	815.0
001432	631.0
001433	865.0
001434	575.0
001435	457.0
001436	530.0
001437	973.0
001438	747.0
001439	817.0
001440	723.0
001441	860.0
001442	993.0
001443	741.0
001444	736.0
001445	714.0
001446	962.0
001447	791.0
001448	586.0
001449	663.0
001450	310.0
001451	569.0
001452	881.0
001453	1020.0
001454	955.0
001455	429.0
001456	840.0
001457	1118.0
001458	509.0
001459	615.0
001460	1180.0
001461	366.0
001462	424.0
001463	1332.0
001464	730.0
001465	870.0
001466	759.0
001467	787.0
001468	777.0
001469	434.0
001470	668.0
001471	853.0
001472	838.0
001473	873.0
001474	392.0
001475	857.0
001476	756.0
001477	428.0
001478	902.0
001479	283.0
001480	597.0
001481	212.0
001482	0.0
001483	801.0
001484	772.0
001485	972.0
001486	1020.0
001487	309.0
001488	768.0
001489	648.0
001490	238.0
001491	316.0
001492	930.0
001493	2450.0
001494	920.0
001495	1000.0
001496	425.0
001497	711.0
001498	573.0
001499	836.0
001500	969.0
001501	452.0
001502	746.0
001503	866.0
001504	310.0
001505	910.0
001506	1055.0
001507	252.0
001508	1230.0
001509	885.0
001510	951.0
001511	898.0
001512	546.0
001513	1108.0
001514	1071.0
001515	278.0
001516	509.0
001517	262.0
001518	1055.0
001519	933.0
001520	787.0
001521	543.0
001522	633.0
001523	634.0
001524	822.0
001525	361.0
001526	502.0
001527	1768.0
001528	0.0
001529	907.0
001530	1047.0
001531	269.0
001532	651.0
001533	673.0
001534	2853.0
001535	300.0
001536	276.0
001537	896.0
001538	275.0
001539	771.0
001540	599.0
001541	301.0
001542	292.0
001543	861.0
001544	315.0
001545	644.0
001546	705.0
001547	995.0
001548	925.0
001549	1072.0
001550	825.0
001551	295.0
001552	766.0
001553	873.0
001554	895.0
001555	NODATA
001556	386.0
001557	322.0
001558	404.0
001559	280.0
001560	865.0
001561	294.0
001562	440.0
001563	275.0
001564	749.0
001565	714.0
001566	761.0
001567	366.0
001568	778.0
001569	711.0
001570	713.0
001571	260.0
001572	620.0
001573	370.0
001574	448.0
001575	850.0
001576	524.0
001577	802.0
001578	973.0
001579	918.0
001580	279.0
001581	517.0
001582	368.0
001583	917.0
001584	715.0
001585	745.0
001586	1020.0
001587	1018.0
001588	257.0
001589	763.0
001590	299.0
001591	NODATA
001592	944.0
001593	235.0
001594	3608.0
001595	856.0
001596	808.0
001597	769.0
001598	759.0
001599	970.0
001600	867.0
001601	720.0
001602	479.0
001603	1211.0
001604	682.0
001605	272.0
001606	275.0
001607	649.0
001608	899.0
001609	575.0
001610	352.0
001611	954.0
001612	715.0
001613	1117.0
001614	1027.0
001615	NODATA
001616	746.0
001617	917.0
001618	923.0
001619	242.0
001620	827.0
001621	1099.0
001622	721.0
001623	NODATA
001624	728.0
001625	1308.0
001626	987.0
001627	766.0
001628	896.0
001629	918.0
001630	1146.0
001631	908.0
001632	965.0
001633	369.0
001634	715.0
001635	897.0
001636	263.0
001637	237.0
001638	847.0
001639	1117.0
001640	620.0
001641	944.0
001642	423.0
001643	1158.0
001644	631.0
001645	931.0
001646	826.0
001647	1217.0
001648	945.0
001649	257.0
001650	747.0
001651	1033.0
001652	824.0
001653	1129.0
001654	714.0
001655	615.0
001656	NODATA
001657	1103.0
001658	1024.0
001659	686.0
001660	1188.0
001661	313.0
001662	445.0
001663	888.0
001664	1027.0
001665	746.0
001666	713.0
001667	300.0
001668	255.0
001669	265.0
001670	305.0
001671	78.0
001672	559.0
001673	619.0
001674	894.0
001675	285.0
001676	NODATA
001677	324.0
001678	853.0
001679	267.0
001680	839.0
001681	889.0
001682	NODATA
001683	980.0
001684	NODATA
001685	319.0
001686	1045.0
001687	1107.0
001688	0
001689	NODATA
001690	272.0
001691	617.0
001692	NODATA
001693	NODATA
001694	996.0
001695	123.0
001696	786.0
001697	307.0
001698	293.0
001699	NODATA
001700	1043.0
001701	NODATA
001702	147.0
001703	788.0
001704	NODATA
001705	241.0
001706	244.0
001707	464.0
001708	937.0
001709	849.0
001710	NODATA
001711	NODATA
001712	801.0
001713	NODATA
001714	601.0
001715	830.0
001716	NODATA
001717	740.0
001718	238.0
001719	675.0
001720	1042.0
001721	NODATA
001722	285.0
001723	588.0
001724	NODATA
001725	651.0
001726	605.0
001727	1028.0
001728	269.0
001729	662.0
001730	523.0
001731	NODATA
001732	993.0
001733	704.0
001734	579.0
001735	933.0
001736	691.0
001737	274.0
001738	1062.0
001739	741.0
001740	762.0
001741	210.0
001742	276.0
001743	948.0
001744	932.0
001745	449.0
001746	956.0
001747	1129.0
001748	593.0
001749	813.0
001750	568.0
001751	1145.0
001752	706.0
001753	882.0
001754	460.0
001755	1096.0
001756	747.0
001757	856.0
001758	712.0
001759	207.0
001760	696.0
001761	938.0
001762	838.0
001763	430.0
001764	976.0
001765	240.0
001766	801.0
001767	716.0
001768	258.0
001769	649.0
001770	867.0
001771	762.0
001772	784.0
001773	682.0
001774	272.0
001775	787.0
001776	1042.0
001777	997.0
001778	276.0
001779	822.0
001780	795.0
001781	686.0
001782	797.0
001783	200.0
001784	952.0
001785	228.0
001786	788.0
001787	859.0
001788	639.0
001789	274.0
001790	NODATA
001791	NODATA
001792	842.0
001793	715.0
001794	NODATA
001795	894.0
001796	625.0
001797	292.0
001798	NODATA
001799	NODATA
001800	741.0
001801	952.0
001802	NODATA
001803	923.0
001804	746.0
001805	648.0
001806	NODATA
001807	419.0
001808	551.0
001809	1099.0
001810	812.0
001811	1082.0
001812	900.0
001813	425.0
001814	794.0
001815	327.0
001816	1054.0
001817	915.0
001818	983.0
001819	1054.0
001820	220.0
001821	280.0
001822	637.0
001823	537.0
001824	518.0
001825	788.0
001826	697.0
001827	408.0
001828	778.0
001829	734.0
001830	277.0
001831	295.0
001832	294.0
001833	485.0
001834	1186.0
001835	289.0
001836	708.0
001837	814.0
001838	868.0
001839	364.0
001840	756.0
001841	281.0
001842	858.0
001843	440.0
001844	895.0
001845	675.0
001846	434.0
001847	670.0
001848	704.0
001849	518.0
001850	263.0
001851	932.0
001852	475.0
001853	891.0
001854	716.0
001855	228.0
001856	745.0
001857	361.0
001858	889.0
001859	1070.0
001860	289.0
001861	816.0
001862	949.0
001863	363.0
001864	285.0
001865	589.0
001866	686.0
001867	772.0
001868	758.0
001869	260.0
001870	642.0
001871	763.0
001872	928.0
001873	259.0
001874	643.0
001875	263.0
001876	617.0
001877	808.0
001878	491.0
001879	1034.0
001880	282.0
001881	313.0
001882	891.0
001883	957.0
001884	925.0
001885	1145.0
001886	1089.0
001887	687.0
001888	256.0
001889	854.0
001890	955.0
001891	721.0
001892	1099.0
001893	818.0
001894	724.0
001895	915.0
001896	1016.0
001897	359.0
001898	951.0
001899	638.0
001900	747.0
001901	681.0
001902	1290.0
001903	771.0
001904	222.0
001905	305.0
001906	654.0
001907	277.0
001908	417.0
001909	351.0
001910	1234.0
001911	759.0
001912	469.0
001913	255.0
001914	862.0
001915	826.0
001916	843.0
001917	1158.0
001918	1134.0
001919	437.0
001920	1520.0
001921	306.0
001922	658.0
001923	949.0
001924	293.0
001925	754.0
001926	850.0
001927	704.0
001928	976.0
001929	844.0
001930	834.0
001931	243.0
001932	876.0
001933	1053.0
001934	727.0
001935	710.0
001936	694.0
001937	564.0
001938	243.0
001939	663.0
001940	330.0
001941	829.0
001942	852.0
001943	660.0
001944	918.0
001945	577.0
001946	695.0
001947	881.0
001948	562.0
001949	1124.0
001950	335.0
001951	1085.0
001952	610.0
001953	294.0
001954	1191.0
001955	529.0
001956	1194.0
001957	325.0
001958	569.0
001959	241.0
001960	297.0
001961	380.0
001962	817.0
001963	1150.0
001964	837.0
001965	254.0
001966	588.0
001967	944.0
001968	669.0
001969	822.0
001970	945.0
001971	836.0
001972	409.0
001973	826.0
001974	350.0
001975	951.0
001976	787.0
001977	421.0
001978	986.0
001979	656.0
001980	255.0
001981	864.0
001982	388.0
001983	631.0
001984	295.0
001985	766.0
001986	568.0
001987	745.0
001988	932.0
001989	814.0
001990	NODATA
001991	558.0
001992	723.0
001993	1275.0
001994	NODATA
001995	234.0
001996	1166.0
001997	NODATA
001998	756.0
001999	NODATA
002000	259.0
002001	725.0
002002	444.0
002003	NODATA
002004	930.0
002005	244.0
002006	710.0
002007	NODATA
002008	711.0
002009	691.0
002010	NODATA
002011	NODATA
002012	NODATA
002013	240.0
002014	NODATA
002015	1155.0
002016	579.0
002017	567.0
002018	692.0
002019	NODATA
002020	NODATA
002021	NODATA
002022	NODATA
002023	NODATA
002024	NODATA
002025	NODATA
002026	NODATA
002027	NODATA
002028	259.0
002029	863.0
002030	929.0
002031	881.0
002032	588.0
002033	917.0
002034	740.0
002035	259.0
002036	746.0
002037	NODATA
002038	877.0
002039	1015.0
002040	NODATA
002041	NODATA
002042	953.0
002043	NODATA
002044	NODATA
002045	1155.0
002046	848.0
002047	776.0
002048	783.0
002049	879.0
002050	1056.0
002051	331.0
002052	717.0
002053	473.0
002054	664.0
002055	267.0
002056	1055.0
002057	991.0
002058	270.0
002059	649.0
002060	503.0
002061	789.0
002062	895.0
002063	257.0
002064	842.0
002065	275.0
002066	NODATA
002067	0
002068	NODATA
002069	1010.0
002070	NODATA
002071	924.0
002072	NODATA
002073	262.0
002074	0
002075	0
002076	438.0
002077	NODATA
002078	NODATA
002079	1037.0
002080	NODATA
002081	724.0
002082	0
002083	NODATA
002084	NODATA
002085	NODATA
002086	553.0
002087	NODATA
002088	NODATA
002089	688.0
002090	NODATA
002091	810.0
002092	122.0
002093	227.0
002094	NODATA
002095	NODATA
002096	NODATA
002097	109.0
002098	0
002099	868.0
002100	214.0
002101	482.0
002102	965.0
002103	1147.0
002104	235.0
002105	1080.0
002106	NODATA
002107	NODATA
002108	759.0
002109	NODATA
002110	957.0
002111	855.0
002112	1383.0
002113	NODATA
002114	NODATA
002115	833.0
002116	NODATA
002117	1307.0
002118	NODATA
002119	254.0
002120	916.0
002121	958.0
002122	NODATA
002123	NODATA
002124	539.0
002125	1023.0
002126	NODATA
002127	274.0
002128	1067.0
002129	437.0
002130	NODATA
002131	NODATA
002132	274.0
002133	938.0
002134	998.0
002135	733.0
002136	618.0
002137	626.0
002138	283.0
002139	935.0
002140	658.0
002141	338.0
002142	1137.0
002143	929.0
002144	376.0
002145	278.0
002146	1007.0
002147	452.0
002148	339.0
002149	236.0
002150	685.0
002151	969.0
002152	996.0
002153	882.0
002154	1090.0
002155	1031.0
002156	831.0
002157	769.0
002158	718.0
002159	1019.0
002160	415.0
002161	758.0
002162	288.0
002163	251.0
002164	1131.0
002165	265.0
002166	728.0
002167	781.0
002168	652.0
002169	815.0
002170	1028.0
002171	267.0
002172	345.0
002173	366.0
002174	400.0
002175	582.0
002176	357.0
002177	566.0
002178	1310.0
002179	276.0
002180	617.0
002181	197.0
002182	1291.0
002183	1083.0
002184	219.0
002185	1038.0
002186	388.0
002187	303.0
002188	1218.0
002189	261.0
002190	1027.0
002191	947.0
002192	1264.0
002193	402.0
002194	664.0
002195	1098.0
002196	688.0
002197	974.0
002198	1528.0
002199	828.0
002200	857.0
002201	752.0
002202	251.0
002203	576.0
002204	1001.0
002205	562.0
002206	841.0
002207	1077.0
002208	964.0
002209	279.0
002210	1163.0
002211	637.0
002212	371.0
002213	512.0
002214	386.0
002215	440.0
002216	616.0
002217	312.0
002218	819.0
002219	533.0
002220	783.0
002221	1298.0
002222	581.0
002223	235.0
002224	247.0
002225	232.0
002226	1078.0
002227	1067.0
002228	1328.0
002229	352.0
002230	259.0
002231	1109.0
002232	1201.0
002233	238.0
002234	1346.0
002235	962.0
002236	991.0
002237	362.0
002238	1069.0
002239	591.0
002240	1024.0
002241	587.0
002242	1012.0
002243	729.0
002244	424.0
002245	266.0
002246	708.0
002247	366.0
002248	1234.0
002249	201.0
002250	310.0
002251	1044.0
002252	1022.0
002253	838.0
002254	791.0
002255	818.0
002256	683.0
002257	375.0
002258	833.0
002259	270.0
002260	645.0
002261	364.0
002262	328.0
002263	346.0
002264	1093.0
002265	305.0
002266	1037.0
002267	1085.0
002268	290.0
002269	959.0
002270	1302.0
002271	1044.0
002272	884.0
002273	881.0
002274	353.0
002275	340.0
002276	541.0
002277	570.0
002278	1187.0
002279	252.0
002280	323.0
002281	345.0
002282	277.0
002283	278.0
002284	895.0
002285	1151.0
002286	757.0
002287	292.0
002288	440.0
002289	412.0
002290	520.0
002291	727.0
002292	268.0
002293	1120.0
002294	300.0
002295	NODATA
002296	967.0
002297	798.0
002298	1137.0
002299	NODATA
002300	622.0
002301	985.0
002302	NODATA
002303	NODATA
002304	888.0
002305	962.0
002306	NODATA
002307	366.0
002308	NODATA
002309	961.0
002310	344.0
002311	NODATA
002312	916.0
002313	288.0
002314	974.0
002315	590.0
002316	NODATA
002317	NODATA
002318	365.0
002319	NODATA
002320	NODATA
002321	897.0
002322	1024.0
002323	815.0
002324	NODATA
002325	620.0
002326	354.0
002327	NODATA
002328	328.0
002329	848.0
002330	NODATA
002331	1185.0
002332	301.0
002333	862.0
002334	NODATA
002335	NODATA
002336	NODATA
002337	NODATA
002338	995.0
002339	230.0
002340	322.0
002341	1133.0
002342	875.0
002343	937.0
002344	767.0
002345	318.0
002346	368.0
002347	1086.0
002348	NODATA
002349	1069.0
002350	NODATA
002351	NODATA
002352	949.0
002353	915.0
002354	322.0
002355	NODATA
002356	852.0
002357	NODATA
002358	NODATA
002359	NODATA
002360	394.0
002361	969.0
002362	421.0
002363	1046.0
002364	647.0
002365	210.0
002366	683.0
002367	NODATA
002368	295.0
002369	908.0
002370	NODATA
002371	NODATA
002372	586.0
002373	926.0
002374	942.0
002375	792.0
002376	896.0
002377	263.0
002378	NODATA
002379	NODATA
002380	882.0
002381	226.0
002382	383.0
002383	NODATA
002384	NODATA
002385	1453.0
002386	481.0
002387	339.0
002388	1295.0
002389	544.0
002390	262.0
002391	314.0
002392	570.0
002393	1019.0
002394	252.0
002395	501.0
002396	806.0
002397	1028.0
002398	1237.0
002399	701.0
002400	NODATA
002401	307.0
002402	677.0
002403	455.0
002404	NODATA
002405	951.0
002406	758.0
002407	993.0
002408	NODATA
002409	333.0
002410	722.0
002411	968.0
002412	NODATA
002413	346.0
002414	701.0
002415	1060.0
002416	804.0
002417	NODATA
002418	NODATA
002419	837.0
002420	743.0
002421	1260.0
002422	NODATA
002423	1059.0
002424	NODATA
002425	NODATA
002426	339.0
002427	269.0
002428	258.0
002429	1045.0
002430	377.0
002431	632.0
002432	NODATA
002433	256.0
002434	1035.0
002435	1145.0
002436	496.0
002437	NODATA
002438	167.0
002439	324.0
002440	373.0
002441	1037.0
002442	308.0
002443	1169.0
002444	1019.0
002445	412.0
002446	838.0
002447	303.0
002448	1222.0
002449	1093.0
002450	604.0
002451	276.0
002452	310.0
002453	262.0
002454	1023.0
002455	403.0
002456	243.0
002457	550.0
002458	272.0
002459	265.0
002460	274.0
002461	538.0
002462	810.0
002463	348.0
002464	658.0
002465	196.0
002466	142.0
002467	754.0
002468	869.0
002469	873.0
002470	1012.0
002471	289.0
002472	NODATA
002473	853.0
002474	1113.0
002475	304.0
002476	791.0
002477	289.0
002478	828.0
002479	287.0
002480	733.0
002481	238.0
002482	702.0
002483	NODATA
002484	851.0
002485	1158.0
002486	NODATA
002487	605.0
002488	249.0
002489	555.0
002490	304.0
002491	224.0
002492	869.0
002493	780.0
002494	476.0
002495	585.0
002496	269.0
002497	1033.0
002498	242.0
002499	1005.0
002500	250.0
002501	1117.0
002502	703.0
002503	270.0
002504	216.0
002505	1056.0
002506	958.0
002507	731.0
002508	1174.0
002509	269.0
002510	306.0
002511	751.0
002512	598.0
002513	1205.0
002514	880.0
002515	285.0
002516	1061.0
002517	776.0
002518	778.0
002519	1154.0
002520	1183.0
002521	561.0
002522	983.0
002523	902.0
002524	881.0
002525	831.0
002526	648.0
002527	720.0
002528	314.0
002529	1074.0
002530	274.0
002531	275.0
002532	1227.0
002533	551.0
002534	293.0
002535	409.0
002536	259.0
002537	849.0
002538	252.0
002539	730.0
002540	670.0
002541	856.0
002542	283.0
002543	999.0
002544	853.0
002545	300.0
002546	378.0
002547	1010.0
002548	854.0
002549	569.0
002550	592.0
002551	844.0
002552	307.0
002553	1116.0
002554	788.0
002555	719.0
002556	404.0
002557	556.0
002558	792.0
002559	639.0
002560	1395.0
002561	893.0
002562	952.0
002563	867.0
002564	273.0
002565	1128.0
002566	1062.0
002567	201.0
002568	277.0
002569	282.0
002570	1108.0
002571	393.0
002572	1500.0
002573	1212.0
002574	414.0
002575	277.0
002576	301.0
002577	893.0
002578	283.0
002579	559.0
002580	794.0
002581	438.0
002582	1128.0
002583	599.0
002584	254.0
002585	752.0
002586	1140.0
002587	372.0
002588	595.0
002589	1091.0
002590	398.0
002591	1410.0
002592	824.0
002593	444.0
002594	277.0
002595	961.0
002596	770.0
002597	1013.0
002598	228.0
002599	701.0
002600	935.0
002601	207.0
002602	996.0
002603	943.0
002604	223.0
002605	1031.0
002606	589.0
002607	536.0
002608	216.0
002609	562.0
002610	587.0
002611	590.0
002612	971.0
002613	1102.0
002614	739.0
002615	842.0
002616	498.0
002617	875.0
002618	641.0
002619	229.0
002620	2102.0
002621	213.0
002622	296.0
002623	403.0
002624	216.0
002625	1087.0
002626	561.0
002627	626.0
002628	864.0
002629	892.0
002630	837.0
002631	2010.0
002632	219.0
002633	559.0
002634	704.0
002635	957.0
002636	924.0
002637	474.0
002638	642.0
002639	NODATA
002640	708.0
002641	919.0
002642	761.0
002643	584.0
002644	NODATA
002645	670.0
002646	620.0
002647	1058.0
002648	838.0
002649	NODATA
002650	346.0
002651	NODATA
002652	483.0
002653	303.0
002654	NODATA
002655	791.0
002656	830.0
002657	436.0
002658	322.0
002659	NODATA
002660	825.0
002661	288.0
002662	882.0
002663	300.0
002664	669.0
002665	175.0
002666	389.0
002667	762.0
002668	970.0
002669	1016.0
002670	794.0
002671	354.0
002672	NODATA
002673	NODATA
002674	721.0
002675	553.0
002676	1761.0
002677	899.0
002678	700.0
002679	268.0
002680	870.0
002681	935.0
002682	731.0
002683	482.0
002684	276.0
002685	857.0
002686	803.0
002687	830.0
002688	621.0
002689	438.0
002690	1091.0
002691	595.0
002692	810.0
002693	756.0
002694	853.0
002695	915.0
002696	541.0
002697	995.0
002698	569.0
002699	260.0
002700	244.0
002701	145.0
002702	683.0
002703	359.0
002704	776.0
002705	255.0
002706	933.0
002707	811.0
002708	852.0
002709	603.0
002710	708.0
002711	721.0
002712	900.0
002713	NODATA
002714	924.0
002715	715.0
002716	384.0
002717	693.0
002718	254.0
002719	983.0
002720	NODATA
002721	508.0
002722	NODATA
002723	848.0
002724	212.0
002725	850.0
002726	863.0
002727	546.0
002728	531.0
002729	NODATA
002730	1018.0
002731	842.0
002732	1016.0
002733	NODATA
002734	844.0
002735	NODATA
002736	NODATA
002737	252.0
002738	1158.0
002739	821.0
002740	NODATA
002741	791.0
002742	472.0
002743	1072.0
002744	798.0
002745	645.0
002746	464.0
002747	242.0
002748	1037.0
002749	258.0
002750	240.0
002751	1047.0
002752	542.0
002753	233.0
002754	527.0
002755	1085.0
002756	284.0
002757	924.0
002758	1056.0
002759	475.0
002760	725.0
002761	910.0
002762	938.0
002763	1120.0
002764	1046.0
002765	603.0
002766	305.0
002767	834.0
002768	868.0
002769	660.0
002770	343.0
002771	940.0
002772	957.0
002773	616.0
002774	220.0
002775	988.0
002776	877.0
002777	590.0
002778	263.0
002779	944.0
002780	918.0
002781	1113.0
002782	501.0
002783	247.0
002784	274.0
002785	358.0
002786	670.0
002787	888.0
002788	867.0
002789	575.0
002790	1178.0
002791	164.0
002792	857.0
002793	644.0
002794	654.0
002795	649.0
002796	307.0
002797	543.0
002798	252.0
002799	899.0
002800	1108.0
002801	705.0
002802	878.0
002803	742.0
002804	651.0
002805	476.0
002806	841.0
002807	210.0
002808	377.0
002809	1306.0
002810	490.0
002811	702.0
002812	527.0
002813	925.0
002814	331.0
002815	1201.0
002816	316.0
002817	701.0
002818	491.0
002819	766.0
002820	855.0
002821	1407.0
002822	1259.0
002823	221.0
002824	206.0
002825	800.0
002826	878.0
002827	1021.0
002828	1237.0
002829	1206.0
002830	622.0
002831	1060.0
002832	978.0
002833	1283.0
002834	365.0
002835	273.0
002836	231.0
002837	234.0
002838	251.0
002839	207.0
002840	573.0
002841	202.0
002842	825.0
002843	375.0
002844	856.0
002845	238.0
002846	655.0
002847	1056.0
002848	1059.0
002849	958.0
002850	968.0
002851	221.0
002852	596.0
002853	310.0
002854	795.0
002855	915.0
002856	0
002857	252.0
002858	654.0
002859	NODATA
002860	875.0
002861	496.0
002862	972.0
002863	549.0
002864	0
002865	728.0
002866	1547.0
002867	281.0
002868	751.0
002869	699.0
002870	381.0
002871	290.0
002872	707.0
002873	695.0
002874	NODATA
002875	299.0
002876	NODATA
002877	262.0
002878	367.0
002879	905.0
002880	671.0
002881	335.0
002882	954.0
002883	303.0
002884	689.0
002885	271.0
002886	289.0
002887	148.0
002888	305.0
002889	0
002890	791.0
002891	372.0
002892	624.0
002893	192.0
002894	282.0
002895	344.0
002896	1027.0
002897	247.0
002898	NODATA
002899	319.0
002900	795.0
002901	540.0
002902	761.0
002903	357.0
002904	363.0
002905	1151.0
002906	234.0
002907	466.0
002908	180.0
002909	480.0
002910	889.0
002911	208.0
002912	1122.0
002913	483.0
002914	1039.0
002915	601.0
002916	389.0
002917	503.0
002918	468.0
002919	302.0
002920	196.0
002921	1013.0
002922	435.0
002923	370.0
002924	773.0
002925	945.0
002926	934.0
002927	185.0
002928	628.0
002929	829.0
002930	236.0
002931	1226.0
002932	959.0
002933	716.0
002934	NODATA
002935	910.0
002936	NODATA
002937	828.0
002938	1110.0
002939	NODATA
002940	712.0
002941	350.0
002942	1072.0
002943	754.0
002944	1099.0
002945	NODATA
002946	NODATA
002947	NODATA
002948	NODATA
002949	NODATA
002950	NODATA
002951	NODATA
002952	734.0
002953	841.0
002954	NODATA
002955	260.0
002956	NODATA
002957	502.0
002958	783.0
002959	206.0
002960	NODATA
002961	NODATA
002962	NODATA
002963	1089.0
002964	1339.0
002965	827.0
002966	1187.0
002967	NODATA
002968	269.0
002969	837.0
002970	1080.0
002971	189.0
002972	220.0
002973	595.0
002974	196.0
002975	1134.0
002976	751.0
002977	925.0
002978	518.0
002979	1264.0
002980	752.0
002981	880.0
002982	735.0
002983	201.0
002984	761.0
002985	523.0
002986	916.0
002987	733.0
002988	436.0
002989	331.0
002990	955.0
002991	241.0
002992	440.0
002993	645.0
002994	723.0
002995	NODATA
002996	1104.0
002997	1351.0
002998	564.0
002999	528.0
003000	670.0
003001	577.0
003002	482.0
003003	439.0
003004	1066.0
003005	773.0
003006	211.0
003007	253.0
003008	414.0
003009	942.0
003010	608.0
003011	410.0
003012	1150.0
003013	526.0
003014	837.0
003015	1098.0
003016	850.0
003017	713.0
003018	1120.0
003019	214.0
003020	1201.0
003021	NODATA
003022	186.0
003023	959.0
003024	895.0
003025	1008.0
003026	779.0
003027	576.0
003028	701.0
003029	578.0
003030	680.0
003031	740.0
003032	1017.0
003033	588.0
003034	1188.0
003035	674.0
003036	561.0
003037	637.0
003038	991.0
003039	380.0
003040	180.0
003041	178.0
003042	1077.0
003043	546.0
003044	676.0
003045	1029.0
003046	195.0
003047	292.0
003048	897.0
003049	1137.0
003050	1111.0
003051	300.0
003052	507.0
003053	1040.0
003054	690.0
003055	393.0
003056	535.0
003057	587.0
003058	313.0
003059	1028.0
003060	809.0
003061	261.0
003062	431.0
003063	678.0
003064	401.0
003065	379.0
003066	172.0
003067	744.0
003068	218.0
003069	302.0
003070	1001.0
003071	1262.0
003072	299.0
003073	996.0
003074	925.0
003075	216.0
003076	305.0
003077	842.0
003078	539.0
003079	757.0
003080	985.0
003081	320.0
003082	726.0
003083	641.0
003084	1137.0
003085	235.0
003086	299.0
003087	1142.0
003088	1001.0
003089	985.0
003090	917.0
003091	395.0
003092	616.0
003093	754.0
003094	274.0
003095	1023.0
003096	375.0
003097	987.0
003098	821.0
003099	524.0
003100	265.0
003101	866.0
003102	985.0
003103	996.0
003104	390.0
003105	876.0
003106	719.0
003107	847.0
003108	956.0
003109	356.0
003110	561.0
003111	809.0
003112	1043.0
003113	563.0
003114	1112.0
003115	741.0
003116	844.0
003117	485.0
003118	1081.0
003119	885.0
003120	591.0
003121	1001.0
003122	582.0
003123	865.0
003124	1161.0
003125	776.0
003126	424.0
003127	364.0
003128	801.0
003129	1186.0
003130	803.0
003131	987.0
003132	749.0
003133	866.0
003134	947.0
003135	1250.0
003136	732.0
003137	898.0
003138	665.0
003139	855.0
003140	742.0
003141	918.0
003142	386.0
003143	587.0
003144	589.0
003145	625.0
003146	870.0
003147	647.0
003148	1240.0
003149	421.0
003150	1070.0
003151	892.0
003152	285.0
003153	711.0
003154	602.0
003155	1003.0
003156	730.0
003157	1170.0
003158	600.0
003159	734.0
003160	863.0
003161	596.0
003162	1165.0
003163	1010.0
003164	484.0
003165	1131.0
003166	667.0
003167	978.0
003168	575.0
003169	763.0
003170	658.0
003171	662.0
003172	265.0
003173	839.0
003174	945.0
003175	861.0
003176	1010.0
003177	848.0
003178	1184.0
003179	792.0
003180	872.0
003181	181.0
003182	1023.0
003183	1115.0
003184	1096.0
003185	680.0
003186	896.0
003187	243.0
003188	800.0
003189	624.0
003190	1317.0
003191	383.0
003192	473.0
003193	1008.0
003194	1029.0
003195	1071.0
003196	365.0
003197	946.0
003198	631.0
003199	912.0
003200	371.0
003201	1147.0
003202	742.0
003203	994.0
003204	583.0
003205	646.0
003206	1099.0
003207	320.0
003208	743.0
003209	1120.0
003210	928.0
003211	237.0
003212	893.0
003213	695.0
003214	394.0
003215	218.0
003216	1630.0
003217	1159.0
003218	620.0
003219	563.0
003220	1307.0
003221	292.0
003222	331.0
003223	706.0
003224	400.0
003225	741.0
003226	399.0
003227	266.0
003228	271.0
003229	769.0
003230	1228.0
003231	488.0
003232	391.0
003233	327.0
003234	608.0
003235	698.0
003236	726.0
003237	697.0
003238	470.0
003239	658.0
003240	1213.0
003241	324.0
003242	430.0
003243	247.0
003244	538.0
003245	1084.0
003246	1104.0
003247	1060.0
003248	1079.0
003249	450.0
003250	810.0
003251	496.0
003252	204.0
003253	280.0
003254	0
003255	595.0
003256	679.0
003257	701.0
003258	NODATA
003259	234.0
003260	283.0
003261	270.0
003262	NODATA
003263	730.0
003264	302.0
003265	NODATA
003266	533.0
003267	NODATA
003268	260.0
003269	774.0
003270	551.0
003271	0
003272	802.0
003273	291.0
003274	267.0
003275	668.0
003276	NODATA
003277	310.0
003278	374.0
003279	670.0
003280	894.0
003281	1040.0
003282	266.0
003283	0
003284	NODATA
003285	630.0
003286	229.0
003287	327.0
003288	913.0
003289	1238.0
003290	1036.0
003291	338.0
003292	507.0
003293	915.0
003294	684.0
003295	1012.0
003296	451.0
003297	396.0
003298	1042.0
003299	1066.0
003300	1096.0
003301	953.0
003302	915.0
003303	879.0
003304	239.0
003305	391.0
003306	1191.0
003307	1527.0
003308	959.0
003309	799.0
003310	304.0
003311	727.0
003312	1501.0
003313	1097.0
003314	311.0
003315	663.0
003316	1188.0
003317	1182.0
003318	794.0
003319	212.0
003320	375.0
003321	361.0
003322	594.0
003323	1156.0
003324	1016.0
003325	1421.0
003326	960.0
003327	542.0
003328	374.0
003329	381.0
003330	1060.0
003331	NODATA
003332	1103.0
003333	1071.0
003334	1254.0
003335	677.0
003336	731.0
003337	1118.0
003338	440.0
003339	669.0
003340	372.0
003341	1092.0
003342	1090.0
003343	543.0
003344	1177.0
003345	657.0
003346	1006.0
003347	1007.0
003348	974.0
003349	653.0
003350	456.0
003351	1065.0
003352	1006.0
003353	1052.0
003354	1144.0
003355	736.0
003356	1068.0
003357	1006.0
003358	522.0
003359	1160.0
003360	1142.0
003361	976.0
003362	869.0
003363	935.0
003364	NODATA
003365	1168.0
003366	959.0
003367	1150.0
003368	839.0
003369	1017.0
003370	548.0
003371	683.0
003372	796.0
003373	680.0
003374	898.0
003375	719.0
003376	763.0
003377	599.0
003378	889.0
003379	581.0
003380	726.0
003381	563.0
003382	330.0
003383	NODATA
003384	1109.0
003385	1030.0
003386	583.0
003387	454.0
003388	740.0
003389	965.0
003390	601.0
003391	217.0
003392	816.0
003393	957.0
003394	577.0
003395	584.0
003396	1006.0
003397	1122.0
003398	472.0
003399	959.0
003400	868.0
003401	983.0
003402	230.0
003403	780.0
003404	978.0
003405	574.0
003406	231.0
003407	677.0
003408	1011.0
003409	508.0
003410	686.0
003411	999.0
003412	982.0
003413	284.0
003414	769.0
003415	991.0
003416	316.0
003417	856.0
003418	968.0
003419	673.0
003420	518.0
003421	1129.0
003422	933.0
003423	735.0
003424	722.0
003425	791.0
003426	1085.0
003427	280.0
003428	973.0
003429	888.0
003430	1109.0
003431	921.0
003432	578.0
003433	470.0
003434	1095.0
003435	859.0
003436	740.0
003437	724.0
003438	1131.0
003439	1199.0
003440	355.0
003441	349.0
003442	564.0
003443	NODATA
003444	341.0
003445	450.0
003446	516.0
003447	767.0
003448	765.0
003449	344.0
003450	877.0
003451	1130.0
003452	1013.0
003453	994.0
003454	1035.0
003455	942.0
003456	NODATA
003457	1131.0
003458	1112.0
003459	329.0
003460	256.0
003461	335.0
003462	703.0
003463	970.0
003464	376.0
003465	771.0
003466	1061.0
003467	325.0
003468	1150.0
003469	470.0
003470	545.0
003471	911.0
003472	264.0
003473	307.0
003474	1210.0
003475	1119.0
003476	1219.0
003477	977.0
003478	270.0
003479	662.0
003480	364.0
003481	1021.0
003482	848.0
003483	286.0
003484	379.0
003485	1128.0
003486	1008.0
003487	251.0
003488	1101.0
003489	653.0
003490	991.0
003491	1053.0
003492	676.0
003493	996.0
003494	324.0
003495	213.0
003496	828.0
003497	351.0
003498	922.0
003499	1073.0
003500	207.0
003501	1209.0
003502	1054.0
003503	818.0
003504	605.0
003505	253.0
003506	389.0
003507	553.0
003508	1021.0
003509	892.0
003510	341.0
003511	1202.0
003512	1008.0
003513	1337.0
003514	1076.0
003515	835.0
003516	594.0
003517	471.0
003518	335.0
003519	625.0
003520	930.0
003521	1389.0
003522	946.0
003523	548.0
003524	765.0
003525	544.0
003526	494.0
003527	580.0
003528	NODATA
003529	1041.0
003530	1190.0
003531	1071.0
003532	881.0
003533	468.0
003534	NODATA
003535	1031.0
003536	1075.0
003537	561.0
003538	446.0
003539	1087.0
003540	954.0
003541	644.0
003542	573.0
003543	400.0
003544	179.0
003545	248.0
003546	1044.0
003547	616.0
003548	1157.0
003549	848.0
003550	654.0
003551	686.0
003552	425.0
003553	1124.0
003554	1060.0
003555	1192.0
003556	874.0
003557	383.0
003558	1091.0
003559	555.0
003560	421.0
003561	266.0
003562	1063.0
003563	1449.0
003564	247.0
003565	469.0
003566	1168.0
003567	635.0
003568	1182.0
003569	640.0
003570	526.0
003571	1169.0
003572	1011.0
003573	1227.0
003574	1105.0
003575	254.0
003576	1032.0
003577	591.0
003578	716.0
003579	565.0
003580	750.0
003581	473.0
003582	996.0
003583	904.0
003584	1233.0
003585	1085.0
003586	952.0
003587	844.0
003588	707.0
003589	1195.0
003590	668.0
003591	613.0
003592	364.0
003593	954.0
003594	1068.0
003595	652.0
003596	507.0
003597	607.0
003598	953.0
003599	887.0
003600	402.0
003601	779.0
003602	1290.0
003603	826.0
003604	523.0
003605	1189.0
003606	1053.0
003607	605.0
003608	1098.0
003609	617.0
003610	353.0
003611	993.0
003612	651.0
003613	769.0
003614	NODATA
003615	NODATA
003616	641.0
003617	241.0
003618	NODATA
003619	788.0
003620	NODATA
003621	237.0
003622	286.0
003623	181.0
003624	302.0
003625	774.0
003626	807.0
003627	NODATA
003628	678.0
003629	0
003630	NODATA
003631	338.0
003632	236.0
003633	424.0
003634	261.0
003635	683.0
003636	717.0
003637	0
003638	0
003639	960.0
003640	721.0
003641	645.0
003642	0
003643	274.0
003644	NODATA
003645	688.0
003646	658.0
003647	797.0
003648	270.0
003649	0
003650	250.0
003651	529.0
003652	1066.0
003653	1387.0
003654	731.0
003655	1040.0
003656	314.0
003657	1219.0
003658	991.0
003659	1039.0
003660	1077.0
003661	933.0
003662	605.0
003663	1003.0
003664	222.0
003665	972.0
003666	921.0
003667	815.0
003668	NODATA
003669	561.0
003670	527.0
003671	946.0
003672	573.0
003673	1079.0
003674	994.0
003675	994.0
003676	1028.0
003677	898.0
003678	946.0
003679	1055.0
003680	673.0
003681	1159.0
003682	556.0
003683	1206.0
003684	566.0
003685	422.0
003686	195.0
003687	318.0
003688	545.0
003689	255.0
003690	310.0
003691	1035.0
003692	934.0
003693	914.0
003694	641.0
003695	1113.0
003696	NODATA
003697	1095.0
003698	434.0
003699	830.0
003700	988.0
003701	1110.0
003702	671.0
003703	1190.0
003704	752.0
003705	510.0
003706	1180.0
003707	923.0
003708	197.0
003709	830.0
003710	1065.0
003711	NODATA
003712	1223.0
003713	988.0
003714	1080.0
003715	1011.0
003716	764.0
003717	1238.0
003718	341.0
003719	1133.0
003720	534.0
003721	458.0
003722	1076.0
003723	195.0
003724	NODATA
003725	1523.0
003726	539.0
003727	1169.0
003728	NODATA
003729	NODATA
003730	241.0
003731	855.0
003732	1090.0
003733	1250.0
003734	411.0
003735	585.0
003736	585.0
003737	1034.0
003738	554.0
003739	1009.0
003740	1074.0
003741	655.0
003742	848.0
003743	NODATA
003744	722.0
003745	1448.0
003746	1102.0
003747	1033.0
003748	1002.0
003749	868.0
003750	541.0
003751	967.0
003752	1029.0
003753	989.0
003754	973.0
003755	1284.0
003756	1195.0
003757	417.0
003758	1138.0
003759	1059.0
003760	790.0
003761	787.0
003762	960.0
003763	1379.0
003764	1110.0
003765	1185.0
003766	1163.0
003767	675.0
003768	604.0
003769	350.0
003770	946.0
003771	1173.0
003772	345.0
003773	988.0
003774	986.0
003775	1182.0
003776	1141.0
003777	176.0
003778	1102.0
003779	307.0
003780	1280.0
003781	757.0
003782	942.0
003783	636.0
003784	NODATA
003785	1375.0
003786	373.0
003787	1097.0
003788	699.0
003789	909.0
003790	1039.0
003791	1007.0
003792	371.0
003793	1115.0
003794	345.0
003795	936.0
003796	922.0
003797	316.0
003798	1418.0
003799	359.0
003800	1018.0
003801	1259.0
003802	367.0
003803	297.0
003804	588.0
003805	1115.0
003806	1265.0
003807	489.0
003808	1084.0
003809	1008.0
003810	NODATA
003811	1198.0
003812	748.0
003813	411.0
003814	NODATA
003815	266.0
003816	1142.0
003817	1172.0
003818	955.0
003819	189.0
003820	NODATA
003821	1154.0
003822	1001.0
003823	545.0
003824	385.0
003825	266.0
003826	NODATA
003827	1019.0
003828	1028.0
003829	1203.0
003830	NODATA
003831	432.0
003832	362.0
003833	334.0
003834	1249.0
003835	1081.0
003836	201.0
003837	1093.0
003838	1141.0
003839	1758.0
003840	NODATA
003841	1386.0
003842	1274.0
003843	983.0
003844	1092.0
003845	1008.0
003846	333.0
003847	1318.0
003848	1072.0
003849	565.0
003850	NODATA
003851	1083.0
003852	1206.0
003853	1424.0
003854	1219.0
003855	162.0
003856	NODATA
003857	1018.0
003858	1194.0
003859	976.0
003860	1014.0
003861	286.0
003862	NODATA
003863	1122.0
003864	242.0
003865	992.0
003866	572.0
003867	174.0
003868	1103.0
003869	1021.0
003870	1075.0
003871	394.0
003872	NODATA
003873	NODATA
003874	NODATA
003875	1183.0
003876	801.0
003877	266.0
003878	986.0
003879	1034.0
003880	268.0
003881	1066.0
003882	NODATA
003883	998.0
003884	1179.0
003885	995.0
003886	1030.0
003887	950.0
003888	1505.0
003889	570.0
003890	944.0
003891	703.0
003892	1254.0
003893	NODATA
003894	NODATA
003895	798.0
003896	NODATA
003897	1000.0
003898	NODATA
003899	1038.0
003900	881.0
003901	680.0
003902	709.0
003903	641.0
003904	305.0
003905	594.0
003906	762.0
003907	1047.0
003908	565.0
003909	463.0
003910	990.0
003911	429.0
003912	185.0
003913	940.0
003914	1129.0
003915	337.0
003916	998.0
003917	297.0
003918	999.0
003919	220.0
003920	969.0
003921	713.0
003922	952.0
003923	890.0
003924	426.0
003925	1251.0
003926	1024.0
003927	994.0
003928	346.0
003929	594.0
003930	285.0
003931	1099.0
003932	1084.0
003933	NODATA
003934	1133.0
003935	366.0
003936	830.0
003937	452.0
003938	253.0
003939	999.0
003940	267.0
003941	1060.0
003942	531.0
003943	1052.0
003944	1010.0
003945	359.0
003946	1011.0
003947	1094.0
003948	1028.0
003949	1116.0
003950	254.0
003951	1033.0
003952	1083.0
003953	609.0
003954	279.0
003955	1080.0
003956	933.0
003957	1196.0
003958	237.0
003959	1162.0
003960	1062.0
003961	392.0
003962	624.0
003963	1191.0
003964	334.0
003965	275.0
003966	1133.0
003967	571.0
003968	1170.0
003969	879.0
003970	888.0
003971	576.0
003972	1128.0
003973	1011.0
003974	357.0
003975	870.0
003976	1002.0
003977	386.0
003978	NODATA
003979	1183.0
