000001	503985
000002	235016
000003	373692
000004	1222702
000005	770046
000006	261456
000007	988080
000008	1431184
000009	1364236
000010	945647
000011	98043
000012	1043402
000013	1402224
000014	1721499
000015	181396
000016	14596
000017	333704
000018	371169
000019	169400
000020	1179411
000021	1111950
000022	1206543
000023	927554
000024	1223400
000025	1038435
000026	1330321
000027	182361
000028	1324523
000029	300459
000030	1351092
000031	NODATA
000032	1066373
000033	1380783
000034	788088
000035	1359257
000036	1574396
000037	1429385
000038	429717
000039	332826
000040	259233
000041	187283
000042	1137857
000043	1678977
000044	203367
000045	18581
000046	1966237
000047	NODATA
000048	4154965
000049	346307
000050	423056
000051	1764299
000052	1880138
000053	NODATA
000054	1141254
000055	1525352
000056	1197822
000057	1731659
000058	1577557
000059	NODATA
000060	484120
000061	1540194
000062	1176426
000063	413073
000064	1501116
000065	2004607
000066	1620444
000067	1357276
000068	298009
000069	1171354
000070	1569506
000071	NODATA
000072	224943
000073	2599103
000074	1042803
000075	801161
000076	1884551
000077	6495652
000078	1010658
000079	1230838
000080	1264796
000081	1139479
000082	1052508
000083	4693026
000084	3400566
000085	654981
000086	642029
000087	1178605
000088	478478
000089	385583
000090	651672
000091	29533546
000092	1976132
000093	1009037
000094	1895292
000095	452499
000096	556331
000097	1777886
000098	325051
000099	NODATA
000100	1075397
000101	1014510
000102	349816
000103	4276121
000104	717668
000105	764410
000106	862924
000107	623150
000108	933518
000109	869805
000110	326505
000111	2608917
000112	1405782
000113	1004981
000114	287200
000115	338495
000116	878049
000117	2494989
000118	NODATA
000119	458422
000120	539125
000121	1139421
000122	1185780
000123	721407
000124	6282992
000125	500748
000126	1072732
000127	887545
000128	1451593
000129	835289
000130	1458256
000131	492375
000132	1615503
000133	389159
000134	610571
000135	1706143
000136	1350289
000137	2412351
000138	1025761
000139	2345938
000140	1285347
000141	3602990
000142	1291721
000143	1833270
000144	1906388
000145	1262105
000146	4306638
000147	2743294
000148	3986745
000149	4505238
000150	726996
000151	463117
000152	478868
000153	1335927
000154	3370115
000155	3465216
000156	1942365
000157	1796126
000158	1070935
000159	18542504
000160	NODATA
000161	1258310
000162	1419799
000163	467702
000164	1099145
000165	3548688
000166	3680726
000167	8028306
000168	451859
000169	903006
000170	500772
000171	1440343
000172	11225069
000173	1068459
000174	433863
000175	716802
000176	2045902
000177	2626500
000178	1614029
000179	804192
000180	479229
000181	450619
000182	2138851
000183	547952
000184	1502020
000185	5078118
000186	907540
000187	594786
000188	739385
000189	497511
000190	261096
000191	2160294
000192	423871
000193	987352
000194	1069683
000195	234393
000196	539719
000197	1463733
000198	289844
000199	1142653
000200	589471
000201	387696
000202	531333
000203	473731
000204	836364
000205	621896
000206	948684
000207	625299
000208	737244
000209	417726
000210	1196386
000211	471539
000212	747021
000213	599324
000214	1359311
000215	635500
000216	1283029
000217	1458104
000218	1812179
000219	1913898
000220	428320
000221	536375
000222	855291
000223	467547
000224	503131
000225	2421627
000226	983159
000227	2288769
000228	448506
000229	306209
000230	750233
000231	604648
000232	5566676
000233	390875
000234	435493
000235	372698
000236	224335
000237	1886274
000238	343058
000239	284713
000240	563324
000241	975891
000242	391691
000243	281776
000244	393675
000245	2208205
000246	444984
000247	1519041
000248	419019
000249	1485897
000250	516030
000251	425023
000252	457714
000253	847700
000254	1114131
000255	1310355
000256	1270311
000257	3020345
000258	1223204
000259	1200901
000260	776453
000261	909578
000262	368728
000263	1135144
000264	3533047
000265	906893
000266	212939
000267	1719854
000268	710824
000269	2304756
000270	5343284
000271	596729
000272	777740
000273	390474
000274	1588112
000275	729708
000276	570108
000277	280323
000278	6937461
000279	314903
000280	2530306
000281	683433
000282	804117
000283	1406885
000284	1734740
000285	2901382
000286	968747
000287	901647
000288	12598033
000289	2642211
000290	934495
000291	1884475
000292	1300798
000293	479798
000294	1130729
000295	1693260
000296	263930
000297	1063706
000298	956498
000299	6269872
000300	17195975
000301	790046
000302	335575
000303	5344238
000304	927911
000305	585312
000306	826207
000307	1373994
000308	465557
000309	1426944
000310	543255
000311	385109
000312	1336198
000313	1066384
000314	NODATA
000315	1029725
000316	870921
000317	NODATA
000318	362566
000319	1729576
000320	1255701
000321	2120900
000322	843325
000323	2154440
000324	3135518
000325	4034230
000326	5883272
000327	1884520
000328	3181534
000329	1188493
000330	1565546
000331	370972
000332	422203
000333	693900
000334	339280
000335	528765
000336	25908400
000337	6883198
000338	223690
000339	2629733
000340	1728651
000341	4632144
000342	1061002
000343	599441
000344	1063844
000345	859112
000346	564000
000347	5692271
000348	1601903
000349	NODATA
000350	1130515
000351	1334961
000352	12702718
000353	447708
000354	429583
000355	571981
000356	876883
000357	730353
000358	997059
000359	9499274
000360	2109156
000361	718234
000362	364003
000363	2145630
000364	15614943
000365	1298458
000366	759611
000367	678027
000368	1145740
000369	1060372
000370	844732
000371	4971440
000372	1150839
000373	4937753
000374	4063813
000375	708854
000376	1311263
000377	688322
000378	493246
000379	1732935
000380	608296
000381	1405339
000382	2081976
000383	655335
000384	466858
000385	2216476
000386	501874
000387	876582
000388	508479
000389	1719093
000390	543842
000391	856938
000392	1030019
000393	632437
000394	1136519
000395	2967933
000396	697454
000397	2184348
000398	1852282
000399	568569
000400	751819
000401	1245240
000402	476448
000403	749382
000404	1444724
000405	1287452
000406	779857
000407	805654
000408	1484416
000409	1912268
000410	2318035
000411	791164
000412	9047422
000413	646344
000414	1690068
000415	862786
000416	1871486
000417	4081936
000418	1899134
000419	1912841
000420	2416145
000421	2918326
000422	5235207
000423	4919652
000424	NODATA
000425	677605
000426	1302566
000427	2522103
000428	1088535
000429	1666507
000430	NODATA
000431	348250
000432	948912
000433	NODATA
000434	1605455
000435	1617573
000436	NODATA
000437	489301
000438	NODATA
000439	NODATA
000440	2776264
000441	NODATA
000442	332577
000443	2849393
000444	1061134
000445	324699
000446	1643820
000447	NODATA
000448	1559732
000449	NODATA
000450	NODATA
000451	167200
000452	NODATA
000453	1564814
000454	NODATA
000455	454334
000456	470045
000457	NODATA
000458	NODATA
000459	NODATA
000460	1928739
000461	1359278
000462	2561159
000463	500401
000464	NODATA
000465	1707780
000466	1671825
000467	2105690
000468	5740095
000469	1978511
000470	469826
000471	1040409
000472	1928118
000473	3696585
000474	1024557
000475	440941
000476	504685
000477	568551
000478	914350
000479	NODATA
000480	5529565
000481	3722000
000482	2037403
000483	1428809
000484	1655321
000485	1103618
000486	1144666
000487	826456
000488	1304512
000489	5629116
000490	817947
000491	1791523
000492	337110
000493	660841
000494	1074917
000495	1312979
000496	474603
000497	1317630
000498	677540
000499	691848
000500	1837952
000501	2430033
000502	1697148
000503	1178727
000504	927673
000505	1668163
000506	2939572
000507	1680525
000508	966218
000509	631085
000510	793596
000511	1569160
000512	2036475
000513	653989
000514	1617483
000515	1860604
000516	2000861
000517	2374879
000518	713538
000519	823608
000520	2874875
000521	857292
000522	944728
000523	435176
000524	919427
000525	1019217
000526	NODATA
000527	1686115
000528	570985
000529	6639224
000530	1612311
000531	2140162
000532	823957
000533	2709421
000534	810872
000535	1342225
000536	3833978
000537	1669835
000538	947102
000539	4255897
000540	13754451
000541	893994
000542	822946
000543	2373281
000544	17976825
000545	2458465
000546	2630261
000547	1255880
000548	1124995
000549	1294883
000550	10983997
000551	580959
000552	972125
000553	1789890
000554	1362080
000555	1985093
000556	8460693
000557	559046
000558	7063818
000559	1264749
000560	989627
000561	2845234
000562	1126530
000563	3963097
000564	14028032
000565	2227198
000566	506391
000567	841432
000568	1244517
000569	641831
000570	3132722
000571	4091110
000572	6897515
000573	3455013
000574	1326894
000575	3589633
000576	1864610
000577	14152938
000578	4766681
000579	445257
000580	1174428
000581	4553353
000582	62542472
000583	832019
000584	2514104
000585	460549
000586	3885383
000587	1269372
000588	401887
000589	1580463
000590	786081
000591	2167857
000592	1449493
000593	729872
000594	1814760
000595	NODATA
000596	1254621
000597	1452862
000598	1538859
000599	NODATA
000600	1447022
000601	388321
000602	2067544
000603	NODATA
000604	2058183
000605	2243541
000606	1681308
000607	NODATA
000608	2028221
000609	1844988
000610	498959
000611	5990458
000612	210993
000613	1844458
000614	675950
000615	741543
000616	3371202
000617	1437425
000618	NODATA
000619	1646899
000620	6028009
000621	3414773
000622	814701
000623	1691447
000624	1366305
000625	0
000626	1182286
000627	670364
000628	528489
000629	1658964
000630	499256
000631	1843988
000632	1870642
000633	379506
000634	NODATA
000635	1283631
000636	632414
000637	612335
000638	203355
000639	2023551
000640	1524831
000641	1347876
000642	311121
000643	426365
000644	2078201
000645	NODATA
000646	NODATA
000647	26061
000648	2720369
000649	825057
000650	563648
000651	1513005
000652	1701570
000653	361166
000654	NODATA
000655	0
000656	1608350
000657	3360091
000658	1600934
000659	NODATA
000660	1769124
000661	1587590
000662	2417115
000663	1464963
000664	NODATA
000665	14593
000666	NODATA
000667	1335905
000668	NODATA
000669	1600725
000670	3548642
000671	937189
000672	1785083
000673	NODATA
000674	NODATA
000675	1510770
000676	NODATA
000677	3339738
000678	NODATA
000679	458031
000680	1546415
000681	1538591
000682	738125
000683	1503027
000684	NODATA
000685	NODATA
000686	1747485
000687	375949
000688	513798
000689	47271
000690	171002
000691	1635683
000692	1603603
000693	1576227
000694	NODATA
000695	232776
000696	842641
000697	2312043
000698	1701462
000699	1067773
000700	NODATA
000701	2483315
000702	2279090
000703	1827984
000704	501908
000705	1100471
000706	1675799
000707	1658652
000708	1564397
000709	1405069
000710	1440671
000711	1421990
000712	1463393
000713	1543835
000714	764236
000715	1668090
000716	310649
000717	NODATA
000718	1577901
000719	NODATA
000720	1658627
000721	1679780
000722	1517438
000723	NODATA
000724	722490
000725	1619645
000726	1685424
000727	1628912
000728	35199
000729	1573383
000730	1466100
000731	4537212
000732	2692897
000733	7634696
000734	215300
000735	347625
000736	NODATA
000737	1678811
000738	1418304
000739	2421388
000740	972068
000741	NODATA
000742	1507764
000743	NODATA
000744	NODATA
000745	718685
000746	486875
000747	356640
000748	352665
000749	2223138
000750	1399128
000751	374596
000752	1627507
000753	1631952
000754	NODATA
000755	2816877
000756	224997
000757	543443
000758	2025349
000759	1758952
000760	NODATA
000761	1652277
000762	588715
000763	NODATA
000764	614246
000765	795995
000766	1323735
000767	930674
000768	1103169
000769	1383184
000770	11880
000771	2264828
000772	1380842
000773	139463
000774	1963332
000775	NODATA
000776	NODATA
000777	NODATA
000778	272677
000779	661549
000780	1389855
000781	1641961
000782	NODATA
000783	2626742
000784	NODATA
000785	309887
000786	3154317
000787	1523615
000788	1691747
000789	NODATA
000790	1437516
000791	1418588
000792	NODATA
000793	NODATA
000794	NODATA
000795	810252
000796	2041676
000797	2271773
000798	169451
000799	3462036
000800	2026180
000801	NODATA
000802	NODATA
000803	1809535
000804	1636485
000805	2394049
000806	1472022
000807	1717560
000808	1254449
000809	1344519
000810	1353200
000811	1417493
000812	1022195
000813	17013
000814	1424062
000815	1448495
000816	1720976
000817	739935
000818	1614143
000819	1239875
000820	3245824
000821	2059560
000822	0
000823	1203968
000824	449448
000825	763981
000826	1338259
000827	416635
000828	1360232
000829	771285
000830	1542579
000831	1490803
000832	356701
000833	1329490
000834	1991946
000835	1902440
000836	2844772
000837	1389521
000838	232514
000839	NODATA
000840	NODATA
000841	301352
000842	2444218
000843	NODATA
000844	2117939
000845	2471720
000846	NODATA
000847	NODATA
000848	59782
000849	788649
000850	3174492
000851	NODATA
000852	NODATA
000853	NODATA
000854	NODATA
000855	NODATA
000856	454537
000857	NODATA
000858	NODATA
000859	1982098
000860	NODATA
000861	NODATA
000862	1346121
000863	1416375
000864	NODATA
000865	NODATA
000866	833826
000867	1524942
000868	25254
000869	1720429
000870	962191
000871	4779584
000872	1355497
000873	1989297
000874	1597436
000875	2089988
000876	NODATA
000877	229760
000878	304502
000879	1228167
000880	NODATA
000881	291911
000882	386203
000883	286623
000884	NODATA
000885	1791956
000886	1521491
000887	164319
000888	21736
000889	335101
000890	1269223
000891	NODATA
000892	2679226
000893	450445
000894	1347388
000895	1896717
000896	NODATA
000897	1847765
000898	NODATA
000899	1529673
000900	140555
000901	NODATA
000902	1282262
000903	949599
000904	451599
000905	284159
000906	370112
000907	409801
000908	NODATA
000909	1348762
000910	695599
000911	4576747
000912	NODATA
000913	1245593
000914	1367703
000915	1438456
000916	1400190
000917	1486779
000918	1181811
000919	1740599
000920	338522
000921	479807
000922	1775509
000923	749664
000924	1205517
000925	NODATA
000926	1650837
000927	5106127
000928	2778047
000929	542095
000930	506359
000931	5639117
000932	95191
000933	1188517
000934	721900
000935	1437238
000936	9369584
000937	1409105
000938	1426728
000939	1196426
000940	1915443
000941	1566657
000942	216506
000943	1365580
000944	NODATA
000945	2271824
000946	1332743
000947	1765911
000948	1409154
000949	16092
000950	1603462
000951	1254246
000952	1663485
000953	1291363
000954	720642
000955	541135
000956	306719
000957	320083
000958	450261
000959	1068901
000960	332192
000961	NODATA
000962	1247003
000963	0
000964	1378748
000965	2889783
000966	494980
000967	1365155
000968	1368569
000969	856793
000970	1774872
000971	4796611
000972	1214670
000973	1357669
000974	1385199
000975	1301017
000976	1172322
000977	1610742
000978	2966090
000979	1590504
000980	0
000981	NODATA
000982	2115972
000983	1993304
000984	1483076
000985	NODATA
000986	2158122
000987	2433503
000988	953207
000989	3893350
000990	26579
000991	1395439
000992	433838
000993	1809935
000994	2420624
000995	1415657
000996	1675318
000997	NODATA
000998	1265007
000999	NODATA
001000	1304781
001001	67719
001002	2436517
001003	1071765
001004	1138651
001005	1166208
001006	1292011
001007	NODATA
001008	1237974
001009	1154474
001010	321790
001011	1150667
001012	3231043
001013	NODATA
001014	NODATA
001015	1232279
001016	191740
001017	1275209
001018	2119868
001019	0
001020	1337879
001021	1044139
001022	1248761
001023	984956
001024	2171672
001025	NODATA
001026	2814245
001027	1200218
001028	1251598
001029	2605636
001030	1323712
001031	2840685
001032	1116384
001033	1031341
001034	0
001035	13459
001036	1183376
001037	1141093
001038	9016688
001039	1011732
001040	1286484
001041	NODATA
001042	1194528
001043	NODATA
001044	0
001045	3104520
001046	2350752
001047	972914
001048	NODATA
001049	3545336
001050	1145766
001051	1032656
001052	1478420
001053	1091852
001054	3082462
001055	992102
001056	3558917
001057	227836
001058	3387115
001059	1180599
001060	6037981
001061	1121909
001062	3815711
001063	445366
001064	1329628
001065	994113
001066	954135
001067	26351038
001068	1246781
001069	1207198
001070	414077
001071	1114259
001072	17219
001073	1109316
001074	1190140
001075	933358
001076	349441
001077	10462416
001078	1434878
001079	20448616
001080	1131684
001081	914649
001082	1239857
001083	481021
001084	1330751
001085	29605015
001086	12163
001087	274397
001088	911126
001089	1148517
001090	1520004
001091	1290656
001092	1008158
001093	1662198
001094	802594
001095	777220
001096	518773
001097	1481101
001098	1050733
001099	984690
001100	908107
001101	2232796
001102	247046
001103	1216975
001104	NODATA
001105	3294027
001106	1123265
001107	391202
001108	983708
001109	1139110
001110	877714
001111	1205457
001112	1214350
001113	1006632
001114	1042503
001115	552491
001116	1363449
001117	2906713
001118	905343
001119	1270459
001120	NODATA
001121	1082134
001122	1626762
001123	1869156
001124	1483878
001125	1295063
001126	7289462
001127	NODATA
001128	NODATA
001129	NODATA
001130	2228047
001131	NODATA
001132	NODATA
001133	NODATA
001134	NODATA
001135	NODATA
001136	NODATA
001137	NODATA
001138	NODATA
001139	NODATA
001140	NODATA
001141	2335882
001142	NODATA
001143	NODATA
001144	NODATA
001145	1474300
001146	NODATA
001147	NODATA
001148	NODATA
001149	NODATA
001150	NODATA
001151	NODATA
001152	NODATA
001153	NODATA
001154	NODATA
001155	NODATA
001156	NODATA
001157	NODATA
001158	NODATA
001159	NODATA
001160	NODATA
001161	888638
001162	NODATA
001163	NODATA
001164	NODATA
001165	1093331
001166	NODATA
001167	NODATA
001168	NODATA
001169	1252900
001170	NODATA
001171	NODATA
001172	NODATA
001173	NODATA
001174	8477968
001175	NODATA
001176	NODATA
001177	NODATA
001178	NODATA
001179	1051020
001180	NODATA
001181	NODATA
001182	2079714
001183	NODATA
001184	NODATA
001185	NODATA
001186	NODATA
001187	1108233
001188	NODATA
001189	1015367
001190	1127572
001191	989048
001192	NODATA
001193	NODATA
001194	214714
001195	2481297
001196	NODATA
001197	NODATA
001198	900863
001199	955696
001200	1481572
001201	2661438
001202	1671963
001203	1115702
001204	NODATA
001205	1851920
001206	NODATA
001207	NODATA
001208	NODATA
001209	2610578
001210	NODATA
001211	NODATA
001212	1782802
001213	1332068
001214	NODATA
001215	1157218
001216	465639
001217	890121
001218	NODATA
001219	946240
001220	1168263
001221	NODATA
001222	3650961
001223	1221593
001224	1302280
001225	998468
001226	971543
001227	925695
001228	1248796
001229	1123401
001230	1029394
001231	5500876
001232	NODATA
001233	1228077
001234	1363580
001235	NODATA
001236	NODATA
001237	1726521
001238	1042956
001239	2795754
001240	985546
001241	1001212
001242	NODATA
001243	1223230
001244	986092
001245	NODATA
001246	NODATA
001247	495432
001248	2141724
001249	NODATA
001250	16678
001251	573472
001252	1304403
001253	1053299
001254	NODATA
001255	1150176
001256	1161510
001257	4857878
001258	NODATA
001259	1161041
001260	NODATA
001261	NODATA
001262	NODATA
001263	1152921
001264	3232870
001265	1874573
001266	3061589
001267	NODATA
001268	919286
001269	1207844
001270	1123517
001271	1345716
001272	1465544
001273	NODATA
001274	529415
001275	483773
001276	1445335
001277	NODATA
001278	358227
001279	829866
001280	NODATA
001281	1296076
001282	1519795
001283	320497
001284	113230
001285	1493525
001286	334678
001287	1002646
001288	NODATA
001289	1883693
001290	212229
001291	335844
001292	477424
001293	471994
001294	NODATA
001295	1339908
001296	2229278
001297	NODATA
001298	1272523
001299	1648997
001300	21349
001301	1230360
001302	432131
001303	1287028
001304	2312527
001305	1817599
001306	1590710
001307	1396920
001308	1241807
001309	3040164
001310	NODATA
001311	3512154
001312	1399789
001313	1010889
001314	1155420
001315	1857704
001316	NODATA
001317	944211
001318	1491230
001319	NODATA
001320	5553842
001321	966008
001322	1174726
001323	NODATA
001324	1517886
001325	1037568
001326	4519236
001327	151309
001328	1476282
001329	454072
001330	NODATA
001331	1411377
001332	NODATA
001333	1260923
001334	1198325
001335	1206247
001336	2735123
001337	NODATA
001338	1186701
001339	2753229
001340	1549393
001341	NODATA
001342	NODATA
001343	948679
001344	1617601
001345	1053265
001346	996946
001347	1488712
001348	169623
001349	4734102
001350	1885905
001351	3140877
001352	1361944
001353	3973234
001354	1552873
001355	1235927
001356	NODATA
001357	553095
001358	1308834
001359	1707765
001360	4324932
001361	1168509
001362	1519721
001363	2997472
001364	1295800
001365	1144078
001366	1033140
001367	1254142
001368	2117667
001369	1192739
001370	1483061
001371	1624567
001372	1245616
001373	1308797
001374	1500046
001375	974549
001376	1161400
001377	1045778
001378	2771814
001379	1600765
001380	1694706
001381	1125864
001382	1183035
001383	1738749
001384	1223153
001385	1594451
001386	NODATA
001387	1154160
001388	1072079
001389	2912553
001390	501800
001391	2995054
001392	1572411
001393	2290369
001394	NODATA
001395	NODATA
001396	NODATA
001397	NODATA
001398	1350628
001399	1289115
001400	1452293
001401	1212707
001402	1237526
001403	1148187
001404	2193460
001405	1135409
001406	1169102
001407	1304684
001408	1252623
001409	1578000
001410	16777
001411	1156105
001412	4199544
001413	NODATA
001414	13268
001415	1188318
001416	2624779
001417	1405936
001418	1490932
001419	1331396
001420	1128801
001421	1449578
001422	1359625
001423	950397
001424	1372951
001425	1123835
001426	1169332
001427	1974012
001428	1062714
001429	8279864
001430	1194138
001431	1127912
001432	1257145
001433	1258608
001434	296320
001435	2325460
001436	978828
001437	3316768
001438	1248454
001439	1522413
001440	2417812
001441	2133030
001442	3224809
001443	1280007
001444	1408219
001445	871324
001446	2581725
001447	1105888
001448	1992890
001449	632403
001450	885764
001451	3619129
001452	1702252
001453	8704677
001454	4724231
001455	652691
001456	1420614
001457	1435523
001458	1239868
001459	2171874
001460	854311
001461	2515462
001462	1665935
001463	1709790
001464	1446813
001465	590967
001466	1504315
001467	1269568
001468	1313282
001469	1335461
001470	1391763
001471	1692952
001472	1396819
001473	3732043
001474	2981504
001475	2073628
001476	1832979
001477	2105623
001478	1339643
001479	1660053
001480	1393446
001481	1562656
001482	1437355
001483	7091740
001484	1471994
001485	1642519
001486	2505968
001487	5428574
001488	1196924
001489	1348597
001490	1772918
001491	2037185
001492	1339592
001493	14761500
001494	1523542
001495	1313830
001496	1200192
001497	1220669
001498	2539628
001499	4445355
001500	2194952
001501	1185943
001502	1823925
001503	1754786
001504	8390797
001505	1082442
001506	2203661
001507	5327116
001508	1300989
001509	1401231
001510	1743941
001511	2880199
001512	2187830
001513	2408827
001514	8837162
001515	2831125
001516	884378
001517	3851449
001518	1443424
001519	1273876
001520	1514123
001521	1481223
001522	1775084
001523	1541574
001524	2331207
001525	1355437
001526	3065559
001527	3693181
001528	5309334
001529	2699521
001530	1321810
001531	3875621
001532	1032092
001533	1263684
001534	1033640
001535	3998160
001536	3444739
001537	1353891
001538	3493769
001539	5365787
001540	1388555
001541	3224851
001542	6211223
001543	974116
001544	1844866
001545	1584129
001546	1851053
001547	1444231
001548	1263120
001549	3292906
001550	508105
001551	1896921
001552	1353269
001553	1050221
001554	1135001
001555	NODATA
001556	1330029
001557	1140553
001558	964787
001559	7784223
001560	1539888
001561	4175218
001562	922922
001563	5479174
001564	839250
001565	1234395
001566	1916972
001567	1355269
001568	1832406
001569	1080365
001570	2047665
001571	3589759
001572	2823300
001573	1342901
001574	1784230
001575	1322232
001576	1179867
001577	1238835
001578	579021
001579	1018377
001580	3099098
001581	1235033
001582	1683935
001583	8517617
001584	1568483
001585	941531
001586	3444481
001587	1040084
001588	2608919
001589	1098611
001590	1108371
001591	NODATA
001592	1145100
001593	3285662
001594	2846725
001595	1055026
001596	6653200
001597	1735140
001598	1316368
001599	1818919
001600	1606218
001601	1129675
001602	1148811
001603	1411973
001604	3152857
001605	2607746
001606	2676216
001607	968081
001608	971123
001609	1596931
001610	2711609
001611	1545239
001612	1504399
001613	2042236
001614	1990141
001615	NODATA
001616	1047818
001617	2506693
001618	5782600
001619	3828717
001620	2060668
001621	1412268
001622	2644173
001623	NODATA
001624	1660689
001625	985167
001626	1372744
001627	1350370
001628	2397577
001629	9305942
001630	5372934
001631	6164486
001632	904462
001633	769851
001634	1155369
001635	3650043
001636	2359699
001637	1251434
001638	1601851
001639	1615159
001640	1225465
001641	1586104
001642	1198970
001643	1007418
001644	1086480
001645	5737871
001646	1167745
001647	1950827
001648	2971884
001649	4313850
001650	1627817
001651	970669
001652	1710550
001653	1515490
001654	8972962
001655	1095123
001656	NODATA
001657	1517937
001658	2800728
001659	879788
001660	904025
001661	677511
001662	1331897
001663	1928924
001664	1534724
001665	1131823
001666	1425946
001667	340380
001668	205950
001669	146500
001670	739798
001671	112314
001672	339464
001673	1444340
001674	3135141
001675	408197
001676	NODATA
001677	359816
001678	1831422
001679	844484
001680	1468358
001681	3388100
001682	NODATA
001683	289154
001684	NODATA
001685	1431514
001686	1473723
001687	1930322
001688	423318
001689	NODATA
001690	469734
001691	1703796
001692	NODATA
001693	NODATA
001694	1627790
001695	481753
001696	2122383
001697	332271
001698	1405270
001699	NODATA
001700	1985173
001701	NODATA
001702	170194
001703	1324663
001704	NODATA
001705	5682171
001706	2548474
001707	1559281
001708	992308
001709	1210093
001710	NODATA
001711	NODATA
001712	2473051
001713	NODATA
001714	3904135
001715	1566892
001716	NODATA
001717	1885584
001718	4074162
001719	1065751
001720	2062223
001721	NODATA
001722	2595416
001723	977768
001724	NODATA
001725	900668
001726	1793680
001727	1754678
001728	930673
001729	13033
001730	933717
001731	NODATA
001732	1469360
001733	1599983
001734	1471951
001735	669616
001736	3905382
001737	2523518
001738	1606112
001739	2093024
001740	1116566
001741	1772941
001742	1332391
001743	1205985
001744	2665883
001745	2009261
001746	1471908
001747	4134501
001748	1963836
001749	900759
001750	1439108
001751	2018741
001752	3123470
001753	2514561
001754	19269385
001755	985048
001756	874686
001757	4517328
001758	2994803
001759	1227990
001760	698424
001761	1518050
001762	1585793
001763	1270568
001764	2301068
001765	810850
001766	1669123
001767	1131052
001768	549821
001769	3484973
001770	4687844
001771	965057
001772	1146753
001773	1475327
001774	6984391
001775	2698972
001776	3494161
001777	1027350
001778	2506522
001779	1775239
001780	1479500
001781	931700
001782	1331566
001783	1037233
001784	1273247
001785	6464055
001786	1068587
001787	529302
001788	1785698
001789	1617960
001790	NODATA
001791	NODATA
001792	3596806
001793	1407116
001794	NODATA
001795	2092244
001796	1025516
001797	3295811
001798	NODATA
001799	NODATA
001800	1851435
001801	1247831
001802	NODATA
001803	895895
001804	1926109
001805	1555171
001806	NODATA
001807	1157635
001808	2371546
001809	3847313
001810	1383194
001811	5956166
001812	1088569
001813	1281486
001814	1313156
001815	663360
001816	1888823
001817	8934789
001818	1968465
001819	892273
001820	4100589
001821	1073799
001822	924287
001823	966160
001824	1952659
001825	1156985
001826	3985874
001827	917976
001828	2937399
001829	3005011
001830	6276415
001831	615766
001832	1130040
001833	1391469
001834	1129856
001835	1199242
001836	1295365
001837	1115172
001838	1493974
001839	2510543
001840	1871007
001841	5664269
001842	1012159
001843	1591844
001844	1708868
001845	910767
001846	1421358
001847	1625532
001848	998244
001849	1087445
001850	1295055
001851	2647480
001852	5195852
001853	1170049
001854	2000647
001855	2809900
001856	1871753
001857	1754362
001858	2093013
001859	2560244
001860	1418506
001861	8344445
001862	2073086
001863	1361140
001864	2264960
001865	1174843
001866	1321602
001867	1254148
001868	971576
001869	1307361
001870	1581067
001871	1331183
001872	1800650
001873	1141135
001874	891554
001875	1132592
001876	1531477
001877	1118913
001878	1646142
001879	5060546
001880	7258942
001881	1429947
001882	2571889
001883	2206980
001884	13382590
001885	3350410
001886	944081
001887	2411742
001888	2037170
001889	1264177
001890	1810777
001891	2859561
001892	2083380
001893	1268121
001894	2964876
001895	1039326
001896	1650944
001897	1453169
001898	2461972
001899	2047271
001900	3041375
001901	1724708
001902	4490672
001903	1698206
001904	7677481
001905	1166401
001906	1750432
001907	7890080
001908	1011743
001909	474150
001910	1128911
001911	4802088
001912	1088065
001913	5121899
001914	1063439
001915	7016986
001916	33037311
001917	1818178
001918	3889550
001919	1821608
001920	2008464
001921	2945968
001922	2656294
001923	2063957
001924	1775665
001925	1842956
001926	1998339
001927	15987881
001928	5908291
001929	1565472
001930	2307333
001931	7258808
001932	1202102
001933	1712851
001934	820938
001935	1667133
001936	2993974
001937	13640002
001938	936500
001939	1982170
001940	1412247
001941	1174432
001942	1146930
001943	1529269
001944	1271402
001945	1305748
001946	7217551
001947	1739992
001948	1526475
001949	4462891
001950	2875156
001951	1122574
001952	1077854
001953	5756766
001954	2858446
001955	1522755
001956	1176518
001957	1714021
001958	1360218
001959	3155932
001960	9290752
001961	1778980
001962	1127295
001963	1020755
001964	2590061
001965	5534092
001966	50975136
001967	3688184
001968	1611913
001969	2008406
001970	1505722
001971	1531243
001972	1791929
001973	881680
001974	2243138
001975	2428054
001976	1103597
001977	4306857
001978	2467186
001979	861381
001980	1037048
001981	1580610
001982	1799923
001983	3958215
001984	2703626
001985	29331526
001986	1381436
001987	1606441
001988	3871658
001989	1590509
001990	NODATA
001991	1530899
001992	1661138
001993	1125295
001994	NODATA
001995	2033595
001996	2296658
001997	NODATA
001998	1515682
001999	NODATA
002000	8264680
002001	6652613
002002	2708506
002003	NODATA
002004	836856
002005	9111616
002006	2423584
002007	NODATA
002008	2065107
002009	1493309
002010	NODATA
002011	NODATA
002012	NODATA
002013	3038994
002014	NODATA
002015	1679035
002016	937521
002017	1279677
002018	1419209
002019	NODATA
002020	NODATA
002021	NODATA
002022	NODATA
002023	NODATA
002024	NODATA
002025	NODATA
002026	NODATA
002027	NODATA
002028	15853652
002029	1262619
002030	1551058
002031	1306775
002032	1757237
002033	1750369
002034	15222988
002035	3944071
002036	6667631
002037	NODATA
002038	1535699
002039	766534
002040	NODATA
002041	NODATA
002042	2704978
002043	NODATA
002044	NODATA
002045	1252443
002046	2391749
002047	989182
002048	1115824
002049	1721523
002050	2342055
002051	1554151
002052	1072025
002053	2318295
002054	7516111
002055	2979823
002056	1526544
002057	2907075
002058	3973048
002059	1092241
002060	1704922
002061	1704103
002062	4169146
002063	242738
002064	1821110
002065	163605
002066	NODATA
002067	609508
002068	NODATA
002069	1961441
002070	NODATA
002071	650771
002072	NODATA
002073	296967
002074	27349
002075	13203
002076	1402314
002077	NODATA
002078	NODATA
002079	2059289
002080	NODATA
002081	1544029
002082	525756
002083	NODATA
002084	NODATA
002085	NODATA
002086	1649229
002087	NODATA
002088	NODATA
002089	1593926
002090	NODATA
002091	645288
002092	182468
002093	791545
002094	NODATA
002095	NODATA
002096	NODATA
002097	155843
002098	1317063
002099	1611314
002100	15406586
002101	3145700
002102	1026370
002103	9674017
002104	2766080
002105	1283005
002106	NODATA
002107	NODATA
002108	1391430
002109	NODATA
002110	1174797
002111	5043578
002112	2699129
002113	NODATA
002114	NODATA
002115	3867342
002116	NODATA
002117	1338831
002118	NODATA
002119	3445660
002120	1818949
002121	2003603
002122	NODATA
002123	NODATA
002124	1105654
002125	1484387
002126	NODATA
002127	1692262
002128	6230553
002129	1046000
002130	NODATA
002131	NODATA
002132	1712534
002133	1430314
002134	2082296
002135	3537957
002136	2199437
002137	1841729
002138	1759215
002139	1598074
002140	1762561
002141	2172391
002142	1975837
002143	2465140
002144	2051384
002145	2768405
002146	1969125
002147	2122568
002148	1564549
002149	1485016
002150	1175731
002151	2166324
002152	1587853
002153	13927873
002154	4156397
002155	3390309
002156	1667589
002157	1891338
002158	1538220
002159	1759083
002160	856782
002161	1342328
002162	6336747
002163	6001432
002164	1966381
002165	1270183
002166	2638291
002167	2643930
002168	1171082
002169	1666263
002170	5424072
002171	9329862
002172	4785575
002173	2579847
002174	7158983
002175	2050226
002176	1493597
002177	1324279
002178	2756364
002179	3073800
002180	4604347
002181	2175558
002182	14122991
002183	1136411
002184	4515996
002185	1535803
002186	2452561
002187	1286197
002188	1861289
002189	1461343
002190	2070958
002191	3236350
002192	1465370
002193	1226504
002194	1584542
002195	6005904
002196	1745541
002197	1482372
002198	1718347
002199	1672842
002200	1106681
002201	4365921
002202	1316367
002203	1394589
002204	2815292
002205	1323945
002206	2209105
002207	1472122
002208	1858689
002209	1307815
002210	1495882
002211	1037572
002212	5303361
002213	2467370
002214	1378218
002215	1449896
002216	1597918
002217	2174941
002218	2143508
002219	1897911
002220	1359231
002221	2437180
002222	1852433
002223	2916699
002224	2909025
002225	2658961
002226	2628990
002227	1282981
002228	1847459
002229	8684562
002230	1473780
002231	1353515
002232	3354063
002233	1821315
002234	16147465
002235	1248357
002236	4402653
002237	1031321
002238	1774183
002239	1946935
002240	3805273
002241	5059681
002242	1184303
002243	1757495
002244	1145821
002245	2657884
002246	1048604
002247	1259929
002248	2649402
002249	783469
002250	337976
002251	9430941
002252	5015888
002253	1585324
002254	2161500
002255	1205712
002256	1485672
002257	1136802
002258	1304125
002259	1563133
002260	3631100
002261	821661
002262	2417373
002263	1732097
002264	1207729
002265	908546
002266	2364464
002267	3615127
002268	4610683
002269	6185949
002270	3094538
002271	1926776
002272	1476184
002273	730922
002274	1153679
002275	1840694
002276	3083071
002277	1359670
002278	1197265
002279	1657712
002280	5723141
002281	1403641
002282	1472015
002283	1426209
002284	3018322
002285	930738
002286	768322
002287	5173633
002288	2381082
002289	1894587
002290	788241
002291	1019546
002292	973360
002293	1274071
002294	1536784
002295	NODATA
002296	2162441
002297	2067133
002298	1387263
002299	NODATA
002300	2986178
002301	1801597
002302	NODATA
002303	NODATA
002304	973917
002305	1030598
002306	NODATA
002307	1651137
002308	NODATA
002309	776462
002310	3040573
002311	NODATA
002312	939057
002313	644815
002314	1256648
002315	887784
002316	NODATA
002317	NODATA
002318	727455
002319	NODATA
002320	NODATA
002321	1586966
002322	1134235
002323	1323942
002324	NODATA
002325	9741386
002326	1970677
002327	NODATA
002328	1355329
002329	3701741
002330	NODATA
002331	2498596
002332	1828237
002333	809901
002334	NODATA
002335	NODATA
002336	NODATA
002337	NODATA
002338	1592070
002339	14745647
002340	1036216
002341	1064875
002342	1148618
002343	3116960
002344	1790892
002345	3175637
002346	2634753
002347	2283602
002348	NODATA
002349	1941980
002350	NODATA
002351	NODATA
002352	1961578
002353	842458
002354	3225915
002355	NODATA
002356	1061165
002357	NODATA
002358	NODATA
002359	NODATA
002360	2414059
002361	1091342
002362	1889174
002363	1963352
002364	1273814
002365	1543751
002366	1811061
002367	NODATA
002368	1397826
002369	1478392
002370	NODATA
002371	NODATA
002372	2453868
002373	1094109
002374	1993425
002375	1523558
002376	1236156
002377	7240071
002378	NODATA
002379	NODATA
002380	1041265
002381	3649531
002382	1265144
002383	NODATA
002384	NODATA
002385	1089113
002386	1877723
002387	2541655
002388	1134485
002389	2645639
002390	3721071
002391	1074106
002392	971724
002393	1386669
002394	1464301
002395	798249
002396	1344787
002397	819048
002398	2289201
002399	4875115
002400	NODATA
002401	1531042
002402	1306130
002403	1291636
002404	NODATA
002405	1603962
002406	1146276
002407	835144
002408	NODATA
002409	2078016
002410	4801028
002411	1313753
002412	NODATA
002413	1754772
002414	1114340
002415	1204725
002416	1294506
002417	NODATA
002418	NODATA
002419	3922573
002420	1326239
002421	1522173
002422	NODATA
002423	1257968
002424	NODATA
002425	NODATA
002426	723814
002427	2603949
002428	4889433
002429	928601
002430	924479
002431	885892
002432	NODATA
002433	849232
002434	2106392
002435	5136850
002436	3583162
002437	NODATA
002438	2117259
002439	1412796
002440	1585845
002441	7072101
002442	1298301
002443	1615861
002444	1853998
002445	1275825
002446	1007946
002447	993296
002448	2216995
002449	1774728
002450	683074
002451	1459325
002452	2535922
002453	1273424
002454	1672830
002455	1138073
002456	1561722
002457	5622350
002458	1035930
002459	630378
002460	300653
002461	518666
002462	2709413
002463	1793044
002464	554179
002465	953649
002466	187657
002467	487317
002468	2194578
002469	1459922
002470	478727
002471	742733
002472	NODATA
002473	1760872
002474	2045298
002475	373320
002476	459061
002477	252882
002478	1592818
002479	604135
002480	3622053
002481	676372
002482	1641510
002483	NODATA
002484	443172
002485	6338443
002486	NODATA
002487	1834928
002488	944432
002489	2052727
002490	297310
002491	2109422
002492	1992184
002493	1605060
002494	1452773
002495	1219767
002496	7974354
002497	1864668
002498	1729336
002499	1100451
002500	4050911
002501	2763232
002502	1718151
002503	1372097
002504	2283110
002505	1214359
002506	3110255
002507	1118636
002508	1225071
002509	4458846
002510	894394
002511	2290290
002512	37447279
002513	1497651
002514	1782690
002515	413614
002516	1549621
002517	1723057
002518	1891840
002519	1287372
002520	2016520
002521	1369903
002522	1211562
002523	1566661
002524	7696343
002525	1021168
002526	6273271
002527	1590778
002528	856208
002529	6026009
002530	4653410
002531	672817
002532	6214657
002533	1298179
002534	483588
002535	4332006
002536	4226818
002537	1472343
002538	2296965
002539	1251073
002540	1250006
002541	1142879
002542	1909068
002543	2540998
002544	5077994
002545	1560519
002546	2885037
002547	4488246
002548	3771141
002549	3334034
002550	3423921
002551	2029538
002552	1281108
002553	1674871
002554	3615876
002555	11218857
002556	1051384
002557	3090752
002558	1297989
002559	1008784
002560	2426986
002561	1377437
002562	1111800
002563	1924708
002564	1121349
002565	1584503
002566	769527
002567	5562274
002568	624226
002569	1855691
002570	1322239
002571	1171111
002572	4148697
002573	1068045
002574	2343573
002575	797135
002576	2654764
002577	8327386
002578	813841
002579	979927
002580	1807744
002581	4843579
002582	1122825
002583	3416614
002584	1990748
002585	2710613
002586	11838812
002587	1087541
002588	2330056
002589	2308854
002590	1407127
002591	2540176
002592	1144805
002593	8491884
002594	3268682
002595	1183001
002596	1100956
002597	1344117
002598	795430
002599	2687915
002600	3673887
002601	1208426
002602	2491674
002603	1364675
002604	5459923
002605	1889084
002606	1235462
002607	1130456
002608	1606975
002609	2766767
002610	2551913
002611	892556
002612	895165
002613	7799267
002614	1087711
002615	2207199
002616	884102
002617	865708
002618	929632
002619	431937
002620	4648199
002621	295696
002622	823906
002623	1390720
002624	429679
002625	1355559
002626	1989477
002627	1027839
002628	786927
002629	1260147
002630	1605045
002631	1243040
002632	2473454
002633	4980589
002634	935308
002635	1322594
002636	1097341
002637	1523631
002638	4327235
002639	NODATA
002640	2087050
002641	1352152
002642	1014905
002643	881162
002644	NODATA
002645	1207097
002646	1231807
002647	3044345
002648	1671590
002649	NODATA
002650	14488073
002651	NODATA
002652	2541364
002653	4798821
002654	NODATA
002655	1193803
002656	1071425
002657	1628419
002658	1004063
002659	NODATA
002660	1015642
002661	7974726
002662	1166806
002663	2471458
002664	948372
002665	1253910
002666	1341550
002667	4657135
002668	2299731
002669	2642483
002670	718742
002671	1314006
002672	NODATA
002673	NODATA
002674	3615527
002675	1048650
002676	9750331
002677	1714019
002678	1067497
002679	1312373
002680	7171816
002681	5568311
002682	994184
002683	706857
002684	2368360
002685	923160
002686	1629427
002687	762772
002688	1248836
002689	1217032
002690	1084273
002691	1069835
002692	636977
002693	1499483
002694	10492893
002695	1667240
002696	1070311
002697	3526470
002698	2299731
002699	1009490
002700	1246387
002701	11659033
002702	1560649
002703	1988507
002704	882836
002705	1972382
002706	2452691
002707	2938346
002708	1397952
002709	973292
002710	874104
002711	1320462
002712	1410476
002713	NODATA
002714	1123241
002715	1032267
002716	6726404
002717	1283039
002718	2011034
002719	2471838
002720	NODATA
002721	2451352
002722	NODATA
002723	807833
002724	634300
002725	2089416
002726	983588
002727	2840646
002728	1150737
002729	NODATA
002730	1573784
002731	994049
002732	1196199
002733	NODATA
002734	926061
002735	NODATA
002736	NODATA
002737	1035232
002738	1634142
002739	656701
002740	NODATA
002741	2344299
002742	1708195
002743	2384390
002744	1170964
002745	790537
002746	1042333
002747	3191624
002748	2191258
002749	2504279
002750	565141
002751	7693779
002752	1285702
002753	603293
002754	23851092
002755	800305
002756	1054569
002757	2091274
002758	4469243
002759	1126881
002760	1884812
002761	1066553
002762	812069
002763	4226477
002764	1624219
002765	1576407
002766	2574730
002767	1700355
002768	20890762
002769	4397816
002770	480214
002771	6835432
002772	2823359
002773	5255781
002774	2089471
002775	2083934
002776	1999075
002777	1674441
002778	1550512
002779	714909
002780	1215386
002781	2017306
002782	2075227
002783	1730585
002784	808332
002785	1142776
002786	2474281
002787	1128728
002788	1760302
002789	1585421
002790	1579286
002791	149910
002792	4785442
002793	1109298
002794	1287763
002795	4784845
002796	1849234
002797	1634883
002798	633642
002799	1444469
002800	1025944
002801	727709
002802	1741624
002803	1339552
002804	1273278
002805	837059
002806	3322138
002807	927302
002808	1227039
002809	7828344
002810	769543
002811	1709391
002812	6953665
002813	1116237
002814	1774831
002815	754180
002816	3367003
002817	25005057
002818	1171611
002819	1494264
002820	4036540
002821	4790553
002822	1314900
002823	141463
002824	1969570
002825	1942367
002826	1499145
002827	1510488
002828	2820120
002829	789993
002830	1070654
002831	2178364
002832	737240
002833	2508580
002834	1181636
002835	1781270
002836	4018549
002837	1213320
002838	1537657
002839	1720943
002840	659258
002841	327154
002842	1628098
002843	4550583
002844	1641640
002845	523375
002846	981364
002847	587442
002848	1394540
002849	3938700
002850	12012626
002851	1075421
002852	1417955
002853	2200028
002854	1418165
002855	3058704
002856	1003402
002857	1645300
002858	406570
002859	NODATA
002860	1626379
002861	1630997
002862	1661004
002863	2175653
002864	1595635
002865	314514
002866	1807369
002867	339917
002868	1430091
002869	1791331
002870	1454021
002871	522429
002872	1770101
002873	1835665
002874	NODATA
002875	274705
002876	NODATA
002877	627277
002878	1452693
002879	2656678
002880	1582425
002881	1459783
002882	1639970
002883	378906
002884	1332974
002885	576401
002886	1435566
002887	217906
002888	695341
002889	38353
002890	1567040
002891	18211397
002892	3770675
002893	541960
002894	1217329
002895	5076124
002896	2177058
002897	1644355
002898	NODATA
002899	1850100
002900	1416201
002901	896392
002902	3735645
002903	1721996
002904	1577202
002905	9057052
002906	1330079
002907	1360878
002908	1383466
002909	1202628
002910	10834020
002911	3237315
002912	995384
002913	1146880
002914	1831938
002915	2421599
002916	3010995
002917	7152691
002918	10383707
002919	1321501
002920	262882
002921	1891006
002922	2105453
002923	4452585
002924	2335740
002925	437723
002926	1459298
002927	324472
002928	13161626
002929	1501962
002930	2363953
002931	6361976
002932	1024556
002933	1305137
002934	NODATA
002935	1023247
002936	NODATA
002937	2755807
002938	1477594
002939	NODATA
002940	1400505
002941	1166683
002942	1312725
002943	1282399
002944	1533521
002945	NODATA
002946	NODATA
002947	NODATA
002948	NODATA
002949	NODATA
002950	NODATA
002951	NODATA
002952	1185230
002953	1733362
002954	NODATA
002955	1820182
002956	NODATA
002957	2820496
002958	1380424
002959	829925
002960	NODATA
002961	NODATA
002962	NODATA
002963	923613
002964	6501541
002965	11451977
002966	776599
002967	NODATA
002968	315700
002969	1869615
002970	1619264
002971	1341741
002972	705368
002973	1124195
002974	1214534
002975	4761669
002976	1365753
002977	1462483
002978	4563311
002979	5938974
002980	1124716
002981	883695
002982	12636352
002983	116914
002984	772714
002985	1028898
002986	2631668
002987	1854721
002988	110774
002989	1627233
002990	1763913
002991	1489208
002992	2391536
002993	3453417
002994	6593553
002995	NODATA
002996	2055146
002997	3351192
002998	10649156
002999	898367
003000	528479
003001	29337782
003002	1912676
003003	994665
003004	1618152
003005	5153759
003006	647183
003007	795536
003008	771066
003009	635078
003010	1267103
003011	1032881
003012	15047120
003013	1509329
003014	1010217
003015	2936494
003016	2725291
003017	1060109
003018	987028
003019	1306454
003020	656372
003021	NODATA
003022	1040439
003023	5511502
003024	1299603
003025	2242115
003026	1159626
003027	1063984
003028	512822
003029	2260244
003030	1784023
003031	1121725
003032	2027786
003033	544222
003034	807709
003035	1252572
003036	1667686
003037	1878426
003038	716454
003039	5557864
003040	1572870
003041	538438
003042	7143672
003043	703044
003044	421314
003045	3230650
003046	519916
003047	2140305
003048	2093867
003049	1581204
003050	1327297
003051	1315910
003052	1328748
003053	2004911
003054	2192483
003055	799686
003056	1304527
003057	4099581
003058	1682141
003059	1084014
003060	1368379
003061	5879813
003062	14745001
003063	1281456
003064	1082435
003065	1144877
003066	2580777
003067	1027750
003068	1543637
003069	2222591
003070	736865
003071	54471652
003072	139798
003073	709208
003074	1456184
003075	628887
003076	3057006
003077	745614
003078	1247835
003079	1597937
003080	529725
003081	1299666
003082	1108517
003083	854073
003084	981313
003085	3812297
003086	539131
003087	823291
003088	1135228
003089	577478
003090	886939
003091	2044915
003092	3137616
003093	772071
003094	2410249
003095	931923
003096	9248656
003097	1182854
003098	945216
003099	2758248
003100	724185
003101	511589
003102	1042994
003103	672688
003104	1016135
003105	1153700
003106	1499409
003107	1049848
003108	515852
003109	1128187
003110	617410
003111	2463925
003112	564915
003113	900460
003114	1288866
003115	1036278
003116	718150
003117	2260252
003118	20475016
003119	1006780
003120	1311244
003121	1182179
003122	1471642
003123	1535220
003124	2832808
003125	3817779
003126	619312
003127	1267640
003128	1342651
003129	1393565
003130	754180
003131	2031798
003132	859879
003133	2919557
003134	1228418
003135	1255735
003136	936606
003137	914498
003138	1068942
003139	1690025
003140	1079605
003141	1038083
003142	1593031
003143	896451
003144	839908
003145	2596250
003146	886785
003147	797375
003148	2565792
003149	2079966
003150	1092249
003151	3920833
003152	796151
003153	220105
003154	793654
003155	752173
003156	575495
003157	6951535
003158	707027
003159	1235697
003160	848968
003161	1704644
003162	1353795
003163	5116321
003164	2670632
003165	1625339
003166	920474
003167	1082823
003168	2934386
003169	835819
003170	850201
003171	5210454
003172	1235760
003173	1324537
003174	780000
003175	1367511
003176	5016666
003177	619478
003178	662235
003179	919210
003180	640567
003181	997524
003182	230314
003183	531166
003184	3771919
003185	4411094
003186	1235253
003187	2365369
003188	2792951
003189	690901
003190	785258
003191	1193155
003192	806203
003193	1994091
003194	385257
003195	1598903
003196	1794998
003197	1971132
003198	329704
003199	981520
003200	1154045
003201	716332
003202	1557950
003203	1194103
003204	11224353
003205	764671
003206	1702946
003207	1109019
003208	665602
003209	918403
003210	552494
003211	3687599
003212	1022968
003213	738374
003214	1032421
003215	3592694
003216	1238602
003217	1962479
003218	322747
003219	555955
003220	5896866
003221	951889
003222	712083
003223	5214768
003224	1104095
003225	888151
003226	2206265
003227	1264868
003228	3630123
003229	166071
003230	5533586
003231	702965
003232	1258299
003233	5407948
003234	829631
003235	1388321
003236	688973
003237	239801
003238	300662
003239	4057052
003240	1593167
003241	1069698
003242	935847
003243	1776662
003244	670859
003245	193028
003246	2644735
003247	2342766
003248	809609
003249	1735278
003250	275884
003251	160968
003252	2376930
003253	998437
003254	3315629
003255	377203
003256	444040
003257	1563453
003258	NODATA
003259	410860
003260	514720
003261	383959
003262	NODATA
003263	1795252
003264	169686
003265	NODATA
003266	712963
003267	NODATA
003268	240719
003269	1551153
003270	232868
003271	1125929
003272	1808120
003273	705759
003274	210784
003275	1546266
003276	NODATA
003277	1832435
003278	1511307
003279	2541327
003280	2264015
003281	383367
003282	493588
003283	13634
003284	NODATA
003285	1549919
003286	3331353
003287	1265441
003288	1306175
003289	12583577
003290	2444639
003291	337309
003292	663065
003293	2219951
003294	3280072
003295	4654380
003296	2780534
003297	1019281
003298	294484
003299	856800
003300	1315054
003301	359397
003302	6701604
003303	1282341
003304	1642112
003305	1461723
003306	175226
003307	1236976
003308	871770
003309	1044436
003310	362718
003311	16973768
003312	1732325
003313	216581
003314	3194094
003315	187315
003316	5439714
003317	677493
003318	1407980
003319	3587658
003320	812032
003321	1326901
003322	201207
003323	3967877
003324	1226319
003325	6061663
003326	758584
003327	250145
003328	4366060
003329	4147853
003330	840827
003331	NODATA
003332	2552743
003333	1500643
003334	701855
003335	5680693
003336	922181
003337	283787
003338	2801168
003339	290461
003340	328586
003341	1131814
003342	2289909
003343	1431799
003344	1140816
003345	404489
003346	1406221
003347	332510
003348	1642864
003349	756139
003350	613556
003351	1707853
003352	549359
003353	535090
003354	24191609
003355	1267386
003356	540712
003357	5116849
003358	1955891
003359	2787742
003360	969083
003361	1015561
003362	257924
003363	645815
003364	NODATA
003365	1560864
003366	2493301
003367	681184
003368	1578883
003369	718453
003370	2383402
003371	392437
003372	661302
003373	2674542
003374	397328
003375	1353633
003376	593909
003377	579588
003378	1780535
003379	188640
003380	328105
003381	1049109
003382	359600
003383	NODATA
003384	1121973
003385	3240369
003386	4228489
003387	697888
003388	20721971
003389	2699032
003390	465513
003391	431327
003392	101266
003393	468288
003394	7232489
003395	1989538
003396	2461737
003397	2075815
003398	2405088
003399	708218
003400	879177
003401	1014409
003402	1387164
003403	313249
003404	588928
003405	951632
003406	1330551
003407	541469
003408	2234006
003409	365989
003410	179018
003411	1724794
003412	209418
003413	652590
003414	794804
003415	737354
003416	595159
003417	2328401
003418	1219764
003419	396691
003420	797683
003421	402334
003422	335564
003423	1319822
003424	360545
003425	759890
003426	301421
003427	10064852
003428	828262
003429	8499649
003430	4145765
003431	1242949
003432	998667
003433	931760
003434	984663
003435	2662050
003436	594805
003437	3136411
003438	649765
003439	1969667
003440	877684
003441	4833690
003442	550231
003443	NODATA
003444	641505
003445	1685671
003446	431597
003447	586276
003448	1179119
003449	1163138
003450	807440
003451	26269772
003452	243656
003453	1721530
003454	1108671
003455	342376
003456	NODATA
003457	956729
003458	1679612
003459	1266832
003460	915953
003461	1261787
003462	435029
003463	851518
003464	751624
003465	2709974
003466	926855
003467	629651
003468	932064
003469	7673176
003470	959669
003471	765390
003472	1214139
003473	6185400
003474	1680528
003475	1417228
003476	1745222
003477	2119949
003478	1031471
003479	1033931
003480	1067774
003481	1515408
003482	2025444
003483	2448483
003484	8321941
003485	1202766
003486	889494
003487	1140299
003488	1000992
003489	2194289
003490	627335
003491	1571379
003492	991332
003493	3251245
003494	1411990
003495	803222
003496	1062678
003497	1834705
003498	4174792
003499	816767
003500	11725265
003501	985057
003502	1830693
003503	584756
003504	1594374
003505	550362
003506	878836
003507	511812
003508	1916833
003509	815098
003510	839127
003511	761729
003512	1608000
003513	781662
003514	681033
003515	2965125
003516	951898
003517	1457340
003518	702100
003519	960833
003520	1677081
003521	626555
003522	741441
003523	894367
003524	1493111
003525	5204597
003526	1984364
003527	800390
003528	NODATA
003529	1099896
003530	1537467
003531	4729434
003532	1143048
003533	2271526
003534	NODATA
003535	1244183
003536	2385322
003537	888161
003538	5558396
003539	1753075
003540	1747203
003541	760160
003542	1840677
003543	1474990
003544	7513432
003545	955664
003546	3070619
003547	2055642
003548	2288499
003549	992549
003550	446441
003551	1100470
003552	1823553
003553	1331747
003554	10402190
003555	2777741
003556	4362510
003557	1469848
003558	1935560
003559	2889878
003560	957637
003561	702164
003562	1264458
003563	3188456
003564	3017470
003565	1036080
003566	2407045
003567	2060164
003568	1487375
003569	1546384
003570	659642
003571	1255392
003572	626094
003573	5487959
003574	14008639
003575	3131320
003576	972717
003577	1093153
003578	2536949
003579	834980
003580	1218500
003581	1804014
003582	530494
003583	473669
003584	511068
003585	600169
003586	3680692
003587	1181899
003588	817367
003589	460331
003590	1419271
003591	523337
003592	872766
003593	658086
003594	985787
003595	804405
003596	1468780
003597	374563
003598	792295
003599	763346
003600	1421941
003601	821344
003602	3888280
003603	2003052
003604	451159
003605	1021417
003606	3159379
003607	4548685
003608	947099
003609	3300256
003610	756955
003611	581799
003612	1443255
003613	611938
003614	NODATA
003615	NODATA
003616	1792907
003617	104333
003618	NODATA
003619	1827913
003620	NODATA
003621	146713
003622	1858119
003623	1194492
003624	725019
003625	1573186
003626	1967208
003627	NODATA
003628	1515439
003629	184221
003630	NODATA
003631	538008
003632	200822
003633	1525741
003634	240406
003635	2044740
003636	1493981
003637	91658
003638	184306
003639	1432090
003640	1816318
003641	1368769
003642	69111
003643	127619
003644	NODATA
003645	1384112
003646	1819582
003647	1580208
003648	744284
003649	326345
003650	5099363
003651	931614
003652	668446
003653	1114862
003654	605764
003655	954123
003656	2343020
003657	43933582
003658	1343241
003659	1727755
003660	1299816
003661	2462761
003662	2194746
003663	1035831
003664	1343668
003665	1024754
003666	5789985
003667	1134291
003668	NODATA
003669	518991
003670	1315189
003671	387606
003672	2212518
003673	1217227
003674	1554081
003675	1334494
003676	2383186
003677	9682061
003678	610937
003679	345358
003680	2935382
003681	1413679
003682	538095
003683	365778
003684	609547
003685	600681
003686	748311
003687	869026
003688	1241301
003689	955750
003690	1044592
003691	528224
003692	885791
003693	1668812
003694	414007
003695	1517946
003696	NODATA
003697	1131508
003698	1615508
003699	1158738
003700	1393371
003701	269483
003702	935112
003703	455043
003704	878380
003705	365372
003706	693546
003707	431523
003708	4022876
003709	1279495
003710	4873299
003711	NODATA
003712	1068420
003713	1270526
003714	2110409
003715	476530
003716	563872
003717	397505
003718	801811
003719	1725104
003720	1286683
003721	1563935
003722	3187988
003723	6124031
003724	NODATA
003725	976251
003726	1179440
003727	490868
003728	NODATA
003729	NODATA
003730	2958661
003731	506112
003732	1304959
003733	367114
003734	558271
003735	620244
003736	1176136
003737	568399
003738	6397433
003739	2143141
003740	663300
003741	849894
003742	1679178
003743	NODATA
003744	926020
003745	3573971
003746	1181087
003747	3031976
003748	231880
003749	1128742
003750	1048698
003751	772117
003752	1426058
003753	1904907
003754	1602381
003755	1807351
003756	799907
003757	1954731
003758	889158
003759	3157828
003760	1738464
003761	1060759
003762	1656594
003763	1542312
003764	1271045
003765	2177517
003766	740185
003767	763517
003768	3786205
003769	1212797
003770	388797
003771	2696465
003772	930984
003773	694169
003774	2394988
003775	1385647
003776	2828745
003777	1585226
003778	951074
003779	520737
003780	507962
003781	1220489
003782	424577
003783	2715584
003784	NODATA
003785	753573
003786	858148
003787	1288552
003788	2776073
003789	428095
003790	661489
003791	1046080
003792	321279
003793	686581
003794	2594609
003795	1241941
003796	1882130
003797	3686877
003798	574372
003799	2492959
003800	954438
003801	1638204
003802	596464
003803	614287
003804	679203
003805	696986
003806	628115
003807	1199674
003808	46797575
003809	8961359
003810	NODATA
003811	1797275
003812	676941
003813	5818885
003814	NODATA
003815	973094
003816	2278269
003817	594523
003818	2206350
003819	8379313
003820	NODATA
003821	1465872
003822	435075
003823	1191676
003824	745214
003825	630563
003826	NODATA
003827	887319
003828	2182666
003829	5621827
003830	NODATA
003831	467531
003832	1346958
003833	368312
003834	820610
003835	1066199
003836	773826
003837	791034
003838	2138108
003839	996498
003840	NODATA
003841	5983911
003842	864110
003843	1105769
003844	1080651
003845	3942161
003846	766911
003847	2421760
003848	1896559
003849	916309
003850	NODATA
003851	1137052
003852	5877254
003853	817246
003854	23074721
003855	3555851
003856	NODATA
003857	778150
003858	1439245
003859	542112
003860	590566
003861	855299
003862	NODATA
003863	882524
003864	465505
003865	643416
003866	1617507
003867	401798
003868	929239
003869	834826
003870	808085
003871	489700
003872	NODATA
003873	NODATA
003874	NODATA
003875	5438247
003876	506309
003877	2287685
003878	859368
003879	1133553
003880	471832
003881	868470
003882	NODATA
003883	618083
003884	3985174
003885	1189234
003886	614612
003887	2057295
003888	790899
003889	960099
003890	722783
003891	737826
003892	864178
003893	NODATA
003894	NODATA
003895	1901563
003896	NODATA
003897	927035
003898	NODATA
003899	480375
003900	1199628
003901	590684
003902	579849
003903	557403
003904	573641
003905	811775
003906	3928777
003907	349123
003908	802510
003909	2222912
003910	6825371
003911	1263527
003912	441286
003913	1210121
003914	19948482
003915	546501
003916	1209931
003917	1095357
003918	1667658
003919	546063
003920	2114092
003921	503147
003922	655725
003923	1449092
003924	1184506
003925	3494965
003926	520066
003927	838406
003928	1927958
003929	896890
003930	693265
003931	1148192
003932	468288
003933	NODATA
003934	1512698
003935	871904
003936	18500225
003937	1317284
003938	685731
003939	3245933
003940	905995
003941	3409282
003942	1377395
003943	1756057
003944	1723106
003945	2645261
003946	7722874
003947	2528762
003948	816219
003949	24619875
003950	518394
003951	1413969
003952	939975
003953	2241666
003954	962965
003955	356491
003956	819523
003957	1769363
003958	1071950
003959	1054558
003960	1385572
003961	2693857
003962	1229238
003963	924298
003964	838091
003965	681882
003966	786937
003967	4507037
003968	1040916
003969	436051
003970	1231242
003971	646342
003972	7210466
003973	3259325
003974	666264
003975	619754
003976	772363
003977	1179077
003978	NODATA
003979	755517
