000001	666
000002	643
000003	696
000004	2531
000005	660
000006	1128
000007	1745
000008	1751
000009	1242
000010	2237
000011	134
000012	1726
000013	1755
000014	2183
000015	2106
000016	1718
000017	663
000018	765
000019	680
000020	1615
000021	1758
000022	1890
000023	2108
000024	2012
000025	1525
000026	1743
000027	692
000028	2382
000029	601
000030	2074
000031	0
000032	1988
000033	1546
000034	1862
000035	1950
000036	1064
000037	1749
000038	1452
000039	658
000040	746
000041	652
000042	544
000043	1593
000044	2443
000045	529
000046	2068
000047	0
000048	1373
000049	653
000050	648
000051	2864
000052	1806
000053	0
000054	3213
000055	2103
000056	2705
000057	1472
000058	1410
000059	0
000060	751
000061	1458
000062	946
000063	2196
000064	1765
000065	1350
000066	1365
000067	1530
000068	3608
000069	660
000070	2236
000071	0
000072	757
000073	397
000074	481
000075	2783
000076	2598
000077	3171
000078	3334
000079	855
000080	367
000081	1528
000082	2759
000083	525
000084	624
000085	551
000086	1072
000087	206
000088	1858
000089	630
000090	2230
000091	2328
000092	2518
000093	2720
000094	451
000095	2058
000096	488
000097	1050
000098	1929
000099	0
000100	2120
000101	1493
000102	1008
000103	677
000104	1964
000105	2697
000106	1501
000107	304
000108	1228
000109	2085
000110	1152
000111	3395
000112	587
000113	3104
000114	2848
000115	921
000116	4508
000117	3173
000118	0
000119	677
000120	2950
000121	919
000122	1364
000123	944
000124	3235
000125	3668
000126	2800
000127	3626
000128	2715
000129	756
000130	4052
000131	1834
000132	2293
000133	1347
000134	2227
000135	3171
000136	588
000137	3215
000138	1231
000139	2932
000140	3430
000141	2870
000142	1664
000143	1151
000144	3138
000145	3543
000146	1474
000147	182
000148	2993
000149	3085
000150	4271
000151	2059
000152	1823
000153	1094
000154	3074
000155	1061
000156	1156
000157	2291
000158	3344
000159	3522
000160	0
000161	1344
000162	2510
000163	3147
000164	1681
000165	3036
000166	567
000167	3554
000168	2141
000169	1867
000170	2640
000171	1984
000172	1168
000173	3623
000174	3585
000175	913
000176	3870
000177	2568
000178	3093
000179	3510
000180	450
000181	3334
000182	2529
000183	3174
000184	3056
000185	6501
000186	3728
000187	3399
000188	2943
000189	1705
000190	2367
000191	3804
000192	2917
000193	592
000194	2645
000195	2700
000196	1254
000197	2878
000198	3285
000199	2463
000200	5873
000201	932
000202	629
000203	2626
000204	4123
000205	3644
000206	2878
000207	1410
000208	3087
000209	2891
000210	2975
000211	1788
000212	3388
000213	5162
000214	2414
000215	5578
000216	3270
000217	3785
000218	3790
000219	3588
000220	1935
000221	1914
000222	20
000223	435
000224	2893
000225	2868
000226	2758
000227	2750
000228	426
000229	1850
000230	2947
000231	2660
000232	2356
000233	2285
000234	2810
000235	3154
000236	3328
000237	347
000238	3350
000239	2786
000240	4154
000241	517
000242	3274
000243	3889
000244	1258
000245	4682
000246	2829
000247	2260
000248	2827
000249	3525
000250	3695
000251	105
000252	3795
000253	3181
000254	2825
000255	2411
000256	3197
000257	1025
000258	2388
000259	2702
000260	4378
000261	3493
000262	1813
000263	2417
000264	3557
000265	3734
000266	2216
000267	3559
000268	2814
000269	677
000270	3259
000271	2055
000272	488
000273	2753
000274	2914
000275	3294
000276	2716
000277	5212
000278	3874
000279	2652
000280	2754
000281	3031
000282	4018
000283	3543
000284	3201
000285	2774
000286	556
000287	2068
000288	2850
000289	3297
000290	2350
000291	1747
000292	3521
000293	2558
000294	646
000295	552
000296	2190
000297	2697
000298	2973
000299	2580
000300	3311
000301	2175
000302	352
000303	3290
000304	316
000305	2826
000306	277
000307	428
000308	3121
000309	2169
000310	626
000311	782
000312	5039
000313	3176
000314	0
000315	3796
000316	3145
000317	0
000318	3333
000319	3603
000320	2568
000321	3176
000322	2899
000323	499
000324	3754
000325	2613
000326	3310
000327	699
000328	2744
000329	2365
000330	4691
000331	506
000332	2431
000333	5834
000334	3612
000335	290
000336	2706
000337	888
000338	934
000339	1879
000340	2769
000341	3210
000342	2778
000343	3391
000344	3945
000345	4206
000346	3475
000347	2806
000348	3318
000349	0
000350	1008
000351	672
000352	1056
000353	599
000354	1870
000355	3078
000356	2729
000357	2245
000358	3280
000359	2331
000360	3143
000361	5510
000362	1756
000363	2115
000364	922
000365	3308
000366	4190
000367	517
000368	3634
000369	2921
000370	1525
000371	1309
000372	2419
000373	2578
000374	3215
000375	1620
000376	2891
000377	592
000378	2604
000379	2922
000380	2557
000381	2402
000382	810
000383	3142
000384	986
000385	2122
000386	1089
000387	2991
000388	2344
000389	3108
000390	984
000391	1831
000392	764
000393	807
000394	2461
000395	2783
000396	2750
000397	1371
000398	777
000399	2858
000400	3074
000401	2799
000402	2832
000403	2118
000404	1103
000405	3239
000406	2724
000407	2622
000408	3135
000409	3
000410	2307
000411	3296
000412	2920
000413	3506
000414	2176
000415	2766
000416	4979
000417	1328
000418	3401
000419	4743
000420	2949
000421	3043
000422	854
000423	4459
000424	0
000425	980
000426	3460
000427	557
000428	2482
000429	1053
000430	0
000431	693
000432	639
000433	0
000434	2439
000435	2551
000436	0
000437	1676
000438	0
000439	0
000440	1405
000441	0
000442	589
000443	616
000444	614
000445	2817
000446	1532
000447	0
000448	1240
000449	0
000450	0
000451	1027
000452	0
000453	1926
000454	0
000455	616
000456	911
000457	0
000458	0
000459	0
000460	1504
000461	1664
000462	2393
000463	1240
000464	0
000465	3379
000466	877
000467	2706
000468	1293
000469	1995
000470	481
000471	2295
000472	1961
000473	3089
000474	2714
000475	3916
000476	366
000477	394
000478	3285
000479	0
000480	3315
000481	3052
000482	3185
000483	2993
000484	4270
000485	2620
000486	3231
000487	251
000488	2958
000489	3952
000490	730
000491	3612
000492	1007
000493	400
000494	277
000495	3888
000496	136
000497	2702
000498	2281
000499	2390
000500	3565
000501	1715
000502	3336
000503	3725
000504	3543
000505	3483
000506	3847
000507	3089
000508	3761
000509	2494
000510	3291
000511	2338
000512	1124
000513	426
000514	3000
000515	3133
000516	4379
000517	3338
000518	173
000519	3837
000520	2633
000521	3205
000522	2677
000523	693
000524	2518
000525	2325
000526	0
000527	3159
000528	2688
000529	3062
000530	2976
000531	1947
000532	1832
000533	1921
000534	3589
000535	2381
000536	4118
000537	2606
000538	2485
000539	4693
000540	3259
000541	3646
000542	3574
000543	3061
000544	3727
000545	2720
000546	618
000547	5832
000548	2938
000549	3644
000550	3718
000551	2347
000552	2289
000553	1012
000554	3836
000555	3326
000556	3051
000557	3095
000558	2204
000559	4116
000560	1757
000561	4004
000562	3120
000563	3280
000564	549
000565	575
000566	4342
000567	2278
000568	3346
000569	2721
000570	652
000571	4034
000572	2479
000573	2153
000574	3628
000575	3631
000576	3371
000577	3174
000578	1513
000579	3907
000580	3345
000581	2981
000582	3170
000583	3792
000584	3072
000585	2864
000586	3470
000587	712
000588	1966
000589	1638
000590	705
000591	2028
000592	1554
000593	2008
000594	2126
000595	0
000596	465
000597	1680
000598	1929
000599	0
000600	1509
000601	655
000602	2006
000603	0
000604	643
000605	685
000606	1707
000607	0
000608	1710
000609	2695
000610	1471
000611	1912
000612	1591
000613	1831
000614	917
000615	722
000616	668
000617	1984
000618	0
000619	1307
000620	711
000621	1389
000622	1092
000623	1899
000624	2120
000625	1597
000626	476
000627	1980
000628	1025
000629	956
000630	659
000631	2140
000632	2345
000633	772
000634	0
000635	590
000636	661
000637	1198
000638	662
000639	1913
000640	2427
000641	1497
000642	617
000643	664
000644	1782
000645	0
000646	0
000647	1888
000648	2034
000649	673
000650	737
000651	1866
000652	1748
000653	213
000654	0
000655	762
000656	1872
000657	2109
000658	1920
000659	0
000660	2256
000661	2400
000662	589
000663	1882
000664	0
000665	1300
000666	0
000667	585
000668	0
000669	2189
000670	1658
000671	569
000672	1657
000673	0
000674	0
000675	2977
000676	0
000677	2403
000678	0
000679	770
000680	1488
000681	1897
000682	881
000683	2295
000684	0
000685	0
000686	1898
000687	686
000688	602
000689	2343
000690	1020
000691	1226
000692	1184
000693	1926
000694	0
000695	504
000696	2559
000697	663
000698	889
000699	684
000700	0
000701	2083
000702	1723
000703	673
000704	655
000705	652
000706	2128
000707	1398
000708	1928
000709	1953
000710	651
000711	1245
000712	1292
000713	804
000714	601
000715	1894
000716	646
000717	0
000718	1896
000719	0
000720	1784
000721	632
000722	1905
000723	0
000724	661
000725	2021
000726	2202
000727	1844
000728	1439
000729	2145
000730	1848
000731	2554
000732	968
000733	2358
000734	796
000735	578
000736	0
000737	968
000738	1658
000739	2073
000740	666
000741	0
000742	754
000743	0
000744	0
000745	656
000746	701
000747	635
000748	703
000749	756
000750	1076
000751	649
000752	2435
000753	2588
000754	0
000755	996
000756	910
000757	1591
000758	1405
000759	1834
000760	0
000761	1637
000762	1730
000763	0
000764	661
000765	791
000766	1482
000767	726
000768	700
000769	1795
000770	875
000771	2304
000772	1055
000773	1637
000774	650
000775	0
000776	0
000777	0
000778	486
000779	706
000780	1050
000781	1080
000782	0
000783	623
000784	0
000785	1819
000786	691
000787	1688
000788	2562
000789	0
000790	1602
000791	938
000792	0
000793	0
000794	0
000795	743
000796	2264
000797	1263
000798	540
000799	2111
000800	1650
000801	0
000802	0
000803	847
000804	1856
000805	516
000806	1821
000807	698
000808	1946
000809	784
000810	1474
000811	639
000812	702
000813	1889
000814	710
000815	1139
000816	1351
000817	638
000818	1536
000819	1079
000820	1912
000821	1711
000822	1857
000823	678
000824	622
000825	2155
000826	2151
000827	1419
000828	649
000829	640
000830	1080
000831	2474
000832	502
000833	2663
000834	1389
000835	678
000836	1942
000837	2049
000838	655
000839	0
000840	0
000841	387
000842	2024
000843	0
000844	951
000845	1836
000846	0
000847	0
000848	1486
000849	648
000850	643
000851	0
000852	0
000853	0
000854	0
000855	0
000856	682
000857	0
000858	0
000859	1651
000860	0
000861	0
000862	624
000863	564
000864	0
000865	0
000866	752
000867	734
000868	1527
000869	1282
000870	1636
000871	1852
000872	1154
000873	1277
000874	1001
000875	2624
000876	0
000877	2185
000878	654
000879	640
000880	0
000881	768
000882	648
000883	2748
000884	0
000885	1738
000886	1547
000887	581
000888	2660
000889	614
000890	761
000891	0
000892	2133
000893	609
000894	1119
000895	1900
000896	0
000897	748
000898	0
000899	1183
000900	2804
000901	0
000902	1848
000903	649
000904	1582
000905	2230
000906	661
000907	653
000908	0
000909	1634
000910	1559
000911	1737
000912	0
000913	2089
000914	1392
000915	2181
000916	1351
000917	1933
000918	759
000919	2465
000920	2658
000921	668
000922	1890
000923	650
000924	2179
000925	0
000926	2501
000927	2899
000928	2094
000929	685
000930	646
000931	1974
000932	1405
000933	1101
000934	665
000935	2325
000936	2103
000937	841
000938	2407
000939	664
000940	3508
000941	1418
000942	644
000943	1261
000944	0
000945	1982
000946	1748
000947	2093
000948	626
000949	3111
000950	1456
000951	1824
000952	698
000953	657
000954	826
000955	638
000956	881
000957	1105
000958	831
000959	939
000960	720
000961	0
000962	1742
000963	1808
000964	740
000965	2932
000966	1877
000967	1495
000968	1355
000969	507
000970	1922
000971	1619
000972	842
000973	1622
000974	2706
000975	590
000976	2069
000977	1833
000978	849
000979	2209
000980	2230
000981	0
000982	1956
000983	1906
000984	1008
000985	0
000986	1994
000987	2449
000988	2032
000989	1802
000990	2272
000991	1672
000992	88
000993	1930
000994	1886
000995	1786
000996	2243
000997	0
000998	1464
000999	0
001000	2599
001001	2242
001002	1583
001003	1951
001004	1149
001005	631
001006	1930
001007	0
001008	1290
001009	1033
001010	2712
001011	1199
001012	1720
001013	0
001014	0
001015	658
001016	296
001017	799
001018	2351
001019	311
001020	1978
001021	951
001022	998
001023	1438
001024	1835
001025	0
001026	1637
001027	1249
001028	1793
001029	3798
001030	1515
001031	2011
001032	868
001033	3368
001034	681
001035	919
001036	760
001037	847
001038	2379
001039	876
001040	2126
001041	0
001042	1524
001043	0
001044	885
001045	1942
001046	2097
001047	1790
001048	0
001049	2689
001050	1171
001051	1584
001052	1215
001053	563
001054	1627
001055	585
001056	3064
001057	541
001058	1246
001059	842
001060	2527
001061	2021
001062	2886
001063	479
001064	2124
001065	1294
001066	2135
001067	2089
001068	931
001069	1078
001070	388
001071	2264
001072	862
001073	2366
001074	1415
001075	2182
001076	573
001077	2638
001078	1401
001079	3181
001080	566
001081	1760
001082	1861
001083	519
001084	2332
001085	1681
001086	812
001087	1096
001088	1917
001089	1526
001090	2450
001091	907
001092	1974
001093	1667
001094	613
001095	1436
001096	618
001097	2724
001098	2182
001099	2003
001100	1708
001101	2675
001102	1196
001103	1494
001104	0
001105	974
001106	1539
001107	581
001108	715
001109	1387
001110	523
001111	1902
001112	1620
001113	2129
001114	1130
001115	510
001116	2539
001117	1380
001118	566
001119	1383
001120	0
001121	1710
001122	2341
001123	2378
001124	1195
001125	1846
001126	1941
001127	0
001128	0
001129	0
001130	1386
001131	0
001132	0
001133	0
001134	0
001135	0
001136	0
001137	0
001138	0
001139	0
001140	0
001141	2116
001142	0
001143	0
001144	0
001145	1318
001146	0
001147	0
001148	0
001149	0
001150	0
001151	0
001152	0
001153	0
001154	0
001155	0
001156	0
001157	0
001158	0
001159	0
001160	0
001161	732
001162	0
001163	0
001164	0
001165	939
001166	0
001167	0
001168	0
001169	1468
001170	0
001171	0
001172	0
001173	0
001174	1806
001175	0
001176	0
001177	0
001178	0
001179	1801
001180	0
001181	0
001182	2239
001183	0
001184	0
001185	0
001186	0
001187	2043
001188	0
001189	1245
001190	2169
001191	947
001192	0
001193	0
001194	145
001195	2423
001196	0
001197	0
001198	1360
001199	2284
001200	2317
001201	2410
001202	1901
001203	1944
001204	0
001205	1267
001206	0
001207	0
001208	0
001209	1496
001210	0
001211	0
001212	1211
001213	612
001214	0
001215	2113
001216	1687
001217	1187
001218	0
001219	1239
001220	2689
001221	0
001222	938
001223	1578
001224	2034
001225	631
001226	1784
001227	1126
001228	1480
001229	1269
001230	678
001231	2099
001232	0
001233	2662
001234	1922
001235	0
001236	0
001237	1953
001238	2726
001239	2429
001240	1572
001241	902
001242	0
001243	1405
001244	1784
001245	0
001246	0
001247	1299
001248	2012
001249	0
001250	2110
001251	1333
001252	1394
001253	1309
001254	0
001255	2566
001256	1572
001257	2489
001258	0
001259	727
001260	0
001261	0
001262	0
001263	5007
001264	1171
001265	2137
001266	2124
001267	0
001268	1192
001269	1837
001270	1697
001271	1832
001272	2214
001273	0
001274	506
001275	647
001276	1319
001277	0
001278	666
001279	2454
001280	0
001281	2376
001282	2181
001283	659
001284	112
001285	1418
001286	977
001287	2706
001288	0
001289	1990
001290	619
001291	663
001292	1552
001293	603
001294	0
001295	1120
001296	1814
001297	0
001298	1755
001299	982
001300	1584
001301	1562
001302	633
001303	665
001304	1007
001305	2261
001306	1650
001307	1962
001308	974
001309	1650
001310	0
001311	915
001312	1569
001313	1258
001314	1538
001315	2401
001316	0
001317	1962
001318	1080
001319	0
001320	2652
001321	873
001322	2330
001323	0
001324	3522
001325	1911
001326	1869
001327	1929
001328	1371
001329	1515
001330	0
001331	667
001332	0
001333	1708
001334	1719
001335	989
001336	1822
001337	0
001338	2503
001339	3178
001340	4385
001341	0
001342	0
001343	2741
001344	2059
001345	787
001346	794
001347	818
001348	901
001349	659
001350	1785
001351	2857
001352	831
001353	2334
001354	1860
001355	2467
001356	0
001357	1856
001358	2572
001359	1860
001360	1400
001361	716
001362	2334
001363	2607
001364	2250
001365	2838
001366	1304
001367	1798
001368	909
001369	2754
001370	1473
001371	1684
001372	4093
001373	1123
001374	1339
001375	880
001376	2571
001377	1928
001378	2894
001379	1965
001380	1153
001381	1775
001382	739
001383	1647
001384	1920
001385	2872
001386	0
001387	1192
001388	1067
001389	1516
001390	1607
001391	1754
001392	3049
001393	2290
001394	0
001395	0
001396	0
001397	0
001398	1571
001399	2137
001400	1142
001401	1365
001402	703
001403	1593
001404	863
001405	1582
001406	1665
001407	1141
001408	1727
001409	2238
001410	1372
001411	1417
001412	2558
001413	0
001414	1355
001415	1190
001416	1635
001417	1422
001418	1864
001419	1662
001420	2508
001421	1714
001422	1891
001423	1519
001424	2700
001425	2013
001426	801
001427	1575
001428	2820
001429	1750
001430	1933
001431	1865
001432	1809
001433	1949
001434	314
001435	1089
001436	1459
001437	2634
001438	2013
001439	1515
001440	1658
001441	2104
001442	2545
001443	2213
001444	2223
001445	1607
001446	2429
001447	1668
001448	1304
001449	1691
001450	655
001451	1859
001452	2301
001453	2829
001454	2137
001455	729
001456	1853
001457	2654
001458	1070
001459	1485
001460	1934
001461	802
001462	861
001463	3746
001464	1835
001465	2105
001466	1647
001467	1782
001468	1607
001469	1144
001470	2082
001471	2251
001472	2149
001473	2149
001474	825
001475	1891
001476	1517
001477	1180
001478	1867
001479	669
001480	1308
001481	317
001482	898
001483	2177
001484	1613
001485	2488
001486	2874
001487	726
001488	1604
001489	1675
001490	641
001491	660
001492	1959
001493	6078
001494	1583
001495	2189
001496	1080
001497	1538
001498	1213
001499	2052
001500	1933
001501	1119
001502	2429
001503	2058
001504	707
001505	1956
001506	2425
001507	659
001508	3173
001509	1521
001510	2423
001511	2287
001512	946
001513	3818
001514	2535
001515	741
001516	1029
001517	669
001518	2759
001519	2700
001520	1788
001521	1208
001522	1384
001523	1424
001524	2208
001525	1013
001526	1274
001527	4607
001528	1685
001529	2501
001530	1921
001531	612
001532	1514
001533	1811
001534	8001
001535	687
001536	637
001537	1891
001538	629
001539	2422
001540	1272
001541	652
001542	717
001543	2092
001544	707
001545	1484
001546	2371
001547	2310
001548	2538
001549	1865
001550	1663
001551	679
001552	1356
001553	1922
001554	2508
001555	0
001556	899
001557	976
001558	1054
001559	680
001560	1972
001561	654
001562	1195
001563	656
001564	1796
001565	1611
001566	1794
001567	917
001568	1853
001569	1658
001570	1448
001571	599
001572	1604
001573	915
001574	1188
001575	2684
001576	1175
001577	1962
001578	2033
001579	1998
001580	714
001581	1338
001582	882
001583	2455
001584	1911
001585	2055
001586	2300
001587	2554
001588	7
001589	2481
001590	305
001591	0
001592	2144
001593	530
001594	9186
001595	2130
001596	2524
001597	2150
001598	1879
001599	2226
001600	1822
001601	1877
001602	1037
001603	3125
001604	1913
001605	617
001606	659
001607	1331
001608	2041
001609	1725
001610	722
001611	2423
001612	1864
001613	3479
001614	2402
001615	0
001616	1704
001617	2140
001618	2412
001619	663
001620	2079
001621	2744
001622	1855
001623	0
001624	1658
001625	2810
001626	2515
001627	1965
001628	1821
001629	2039
001630	2687
001631	2401
001632	2396
001633	254
001634	2037
001635	1956
001636	664
001637	693
001638	1917
001639	2724
001640	1079
001641	1991
001642	1006
001643	2644
001644	1519
001645	2683
001646	1942
001647	3629
001648	2536
001649	651
001650	1807
001651	2592
001652	2181
001653	2051
001654	2081
001655	1552
001656	0
001657	2842
001658	2830
001659	1788
001660	3046
001661	656
001662	1045
001663	2210
001664	2891
001665	1535
001666	1412
001667	667
001668	626
001669	491
001670	689
001671	130
001672	1308
001673	1373
001674	2747
001675	617
001676	0
001677	776
001678	1854
001679	626
001680	2339
001681	2093
001682	0
001683	2867
001684	0
001685	854
001686	3069
001687	2416
001688	2376
001689	0
001690	641
001691	1419
001692	0
001693	0
001694	2431
001695	151
001696	2342
001697	697
001698	596
001699	0
001700	2296
001701	0
001702	225
001703	1858
001704	0
001705	567
001706	517
001707	1094
001708	2354
001709	2639
001710	0
001711	0
001712	1628
001713	0
001714	1569
001715	1863
001716	0
001717	1614
001718	642
001719	1818
001720	1819
001721	0
001722	670
001723	1309
001724	0
001725	1594
001726	1250
001727	2398
001728	627
001729	1266
001730	242
001731	0
001732	1890
001733	1682
001734	1477
001735	1598
001736	1574
001737	647
001738	2441
001739	2044
001740	2543
001741	623
001742	519
001743	2740
001744	2342
001745	1220
001746	2798
001747	2699
001748	1608
001749	1970
001750	951
001751	2968
001752	1549
001753	2579
001754	972
001755	2620
001756	1628
001757	2102
001758	1689
001759	477
001760	1659
001761	2199
001762	2571
001763	776
001764	2329
001765	577
001766	1765
001767	1590
001768	637
001769	2004
001770	2250
001771	1714
001772	1927
001773	1529
001774	702
001775	2374
001776	2464
001777	1774
001778	727
001779	2248
001780	2473
001781	1856
001782	1517
001783	443
001784	2664
001785	563
001786	2016
001787	2216
001788	1392
001789	630
001790	0
001791	0
001792	2354
001793	1670
001794	0
001795	1935
001796	1589
001797	644
001798	0
001799	0
001800	1824
001801	1941
001802	0
001803	2375
001804	1609
001805	1689
001806	0
001807	1018
001808	1241
001809	2659
001810	1779
001811	3294
001812	2470
001813	1065
001814	2127
001815	771
001816	2999
001817	1902
001818	2057
001819	2168
001820	605
001821	631
001822	995
001823	1322
001824	823
001825	1663
001826	1795
001827	918
001828	1843
001829	1890
001830	642
001831	662
001832	637
001833	1321
001834	2726
001835	762
001836	1508
001837	1983
001838	2361
001839	788
001840	1897
001841	640
001842	1672
001843	1147
001844	2177
001845	1559
001846	914
001847	1522
001848	1631
001849	1020
001850	633
001851	2129
001852	1240
001853	1823
001854	1426
001855	529
001856	2059
001857	784
001858	2358
001859	3040
001860	680
001861	1668
001862	2333
001863	847
001864	660
001865	1377
001866	1714
001867	1574
001868	1548
001869	655
001870	1403
001871	2247
001872	2241
001873	628
001874	1591
001875	639
001876	1598
001877	1885
001878	1205
001879	2715
001880	646
001881	800
001882	2402
001883	2536
001884	2499
001885	2568
001886	2610
001887	1205
001888	622
001889	2187
001890	2652
001891	1822
001892	2669
001893	2108
001894	1923
001895	2444
001896	2610
001897	882
001898	2136
001899	1336
001900	1769
001901	2162
001902	3453
001903	1891
001904	542
001905	675
001906	1821
001907	638
001908	988
001909	812
001910	2783
001911	1829
001912	1091
001913	637
001914	2026
001915	2013
001916	2280
001917	3123
001918	2208
001919	943
001920	3805
001921	728
001922	1592
001923	1969
001924	660
001925	2079
001926	2625
001927	1998
001928	2092
001929	2102
001930	2231
001931	676
001932	1593
001933	2767
001934	1816
001935	1498
001936	1557
001937	1510
001938	575
001939	1825
001940	990
001941	1590
001942	1388
001943	1634
001944	2556
001945	1744
001946	1043
001947	2560
001948	1511
001949	3067
001950	819
001951	2705
001952	1391
001953	686
001954	2768
001955	1551
001956	3339
001957	752
001958	1069
001959	608
001960	791
001961	1029
001962	2319
001963	2760
001964	2470
001965	628
001966	1293
001967	2495
001968	1498
001969	1813
001970	2564
001971	2211
001972	1003
001973	2341
001974	898
001975	2289
001976	2244
001977	610
001978	2496
001979	1723
001980	623
001981	2724
001982	1159
001983	1230
001984	698
001985	1714
001986	1337
001987	2198
001988	2223
001989	1725
001990	0
001991	1491
001992	1864
001993	3369
001994	0
001995	613
001996	2655
001997	0
001998	1899
001999	0
002000	585
002001	1891
002002	996
002003	0
002004	2267
002005	612
002006	1808
002007	0
002008	1770
002009	19
002010	0
002011	0
002012	0
002013	568
002014	0
002015	2379
002016	1394
002017	1486
002018	1589
002019	0
002020	0
002021	0
002022	0
002023	0
002024	0
002025	0
002026	0
002027	0
002028	678
002029	2216
002030	1899
002031	2479
002032	1628
002033	1713
002034	2234
002035	580
002036	1768
002037	0
002038	2104
002039	3009
002040	0
002041	0
002042	2361
002043	0
002044	0
002045	3238
002046	2100
002047	1792
002048	1747
002049	2221
002050	2300
002051	711
002052	1347
002053	1123
002054	1522
002055	599
002056	2669
002057	2267
002058	630
002059	641
002060	1151
002061	1935
002062	2215
002063	584
002064	1734
002065	828
002066	0
002067	2232
002068	0
002069	2337
002070	0
002071	2400
002072	0
002073	655
002074	1436
002075	2103
002076	1076
002077	0
002078	0
002079	2130
002080	0
002081	1677
002082	1530
002083	0
002084	0
002085	0
002086	1175
002087	0
002088	0
002089	1858
002090	0
002091	2105
002092	152
002093	654
002094	0
002095	0
002096	0
002097	171
002098	1028
002099	2062
002100	585
002101	1175
002102	2677
002103	2356
002104	513
002105	2657
002106	0
002107	0
002108	1359
002109	0
002110	2140
002111	1913
002112	3560
002113	0
002114	0
002115	2042
002116	0
002117	2875
002118	0
002119	610
002120	2219
002121	2413
002122	0
002123	0
002124	1378
002125	2486
002126	0
002127	620
002128	3800
002129	944
002130	0
002131	0
002132	652
002133	2347
002134	1801
002135	1613
002136	1547
002137	1290
002138	631
002139	2343
002140	1512
002141	816
002142	2603
002143	3084
002144	993
002145	650
002146	2822
002147	1293
002148	909
002149	589
002150	1883
002151	2457
002152	2529
002153	3018
002154	3362
002155	2949
002156	1760
002157	2004
002158	1771
002159	2023
002160	848
002161	1421
002162	718
002163	656
002164	2819
002165	541
002166	2043
002167	1477
002168	1227
002169	2041
002170	2328
002171	652
002172	776
002173	750
002174	1316
002175	1423
002176	998
002177	1069
002178	3186
002179	602
002180	1395
002181	490
002182	2774
002183	2605
002184	530
002185	3514
002186	4
002187	455
002188	2978
002189	665
002190	1838
002191	2043
002192	3159
002193	889
002194	1709
002195	2938
002196	1787
002197	2792
002198	3741
002199	1888
002200	2340
002201	1480
002202	664
002203	608
002204	2558
002205	1646
002206	2354
002207	2545
002208	2437
002209	837
002210	2202
002211	1400
002212	973
002213	1224
002214	134
002215	1159
002216	1473
002217	947
002218	1465
002219	1510
002220	1439
002221	3570
002222	1314
002223	546
002224	574
002225	532
002226	2280
002227	3013
002228	3120
002229	1117
002230	570
002231	1945
002232	3089
002233	544
002234	2462
002235	2538
002236	2537
002237	896
002238	2497
002239	1400
002240	3053
002241	958
002242	2774
002243	2195
002244	1126
002245	619
002246	2543
002247	1041
002248	3095
002249	462
002250	678
002251	2563
002252	2819
002253	2567
002254	1817
002255	1727
002256	1980
002257	1151
002258	2373
002259	659
002260	1559
002261	928
002262	784
002263	1013
002264	2992
002265	739
002266	2742
002267	2512
002268	722
002269	2079
002270	3820
002271	3247
002272	2086
002273	1769
002274	697
002275	880
002276	1384
002277	1766
002278	2546
002279	678
002280	787
002281	732
002282	709
002283	773
002284	2571
002285	3127
002286	1366
002287	720
002288	907
002289	1151
002290	1415
002291	1293
002292	649
002293	2847
002294	714
002295	0
002296	2206
002297	2241
002298	2878
002299	0
002300	1160
002301	2153
002302	0
002303	0
002304	2313
002305	1767
002306	0
002307	1124
002308	0
002309	1848
002310	813
002311	0
002312	2208
002313	647
002314	2292
002315	2
002316	0
002317	0
002318	809
002319	0
002320	0
002321	1489
002322	2666
002323	1863
002324	0
002325	1050
002326	885
002327	0
002328	1050
002329	2240
002330	0
002331	3505
002332	887
002333	2165
002334	0
002335	0
002336	0
002337	0
002338	2521
002339	609
002340	624
002341	2504
002342	1979
002343	2417
002344	1572
002345	783
002346	966
002347	2662
002348	0
002349	2428
002350	0
002351	0
002352	2062
002353	1878
002354	735
002355	0
002356	2020
002357	0
002358	0
002359	0
002360	1149
002361	2039
002362	1004
002363	2585
002364	1605
002365	402
002366	1817
002367	0
002368	686
002369	2590
002370	0
002371	0
002372	1317
002373	2344
002374	2582
002375	1780
002376	1983
002377	606
002378	0
002379	0
002380	2387
002381	595
002382	947
002383	0
002384	0
002385	1905
002386	1338
002387	889
002388	3150
002389	1126
002390	725
002391	788
002392	541
002393	2140
002394	503
002395	1263
002396	2033
002397	2080
002398	3435
002399	1868
002400	0
002401	606
002402	1619
002403	1006
002404	0
002405	2312
002406	1331
002407	2367
002408	0
002409	904
002410	1712
002411	1916
002412	0
002413	704
002414	1603
002415	2905
002416	1706
002417	0
002418	0
002419	1920
002420	1718
002421	3577
002422	0
002423	2754
002424	0
002425	0
002426	851
002427	751
002428	751
002429	2585
002430	1130
002431	1905
002432	0
002433	674
002434	2467
002435	2838
002436	1017
002437	0
002438	432
002439	906
002440	857
002441	2730
002442	855
002443	3162
002444	2682
002445	909
002446	2055
002447	815
002448	2546
002449	3463
002450	1452
002451	708
002452	780
002453	629
002454	2686
002455	1107
002456	463
002457	1377
002458	628
002459	597
002460	650
002461	1347
002462	1983
002463	824
002464	1617
002465	504
002466	310
002467	1628
002468	1976
002469	1936
002470	2062
002471	686
002472	0
002473	2550
002474	2740
002475	664
002476	2032
002477	747
002478	2296
002479	652
002480	1975
002481	653
002482	1516
002483	0
002484	1862
002485	2642
002486	0
002487	1451
002488	633
002489	1472
002490	720
002491	667
002492	2149
002493	1902
002494	951
002495	1402
002496	690
002497	2412
002498	492
002499	3252
002500	630
002501	2505
002502	1772
002503	705
002504	622
002505	2303
002506	1772
002507	1738
002508	2468
002509	664
002510	828
002511	2259
002512	1667
002513	3099
002514	2613
002515	762
002516	3076
002517	2153
002518	1177
002519	3249
002520	2913
002521	1612
002522	2999
002523	1955
002524	2095
002525	1746
002526	1282
002527	1682
002528	625
002529	3158
002530	508
002531	720
002532	2769
002533	1576
002534	841
002535	1140
002536	676
002537	2283
002538	681
002539	1836
002540	2049
002541	2607
002542	715
002543	2179
002544	1770
002545	696
002546	698
002547	2258
002548	2296
002549	1717
002550	1643
002551	2444
002552	733
002553	2946
002554	1999
002555	1971
002556	1028
002557	1333
002558	1915
002559	1635
002560	3274
002561	2258
002562	2442
002563	2524
002564	674
002565	2488
002566	2501
002567	540
002568	689
002569	747
002570	2662
002571	997
002572	4467
002573	2914
002574	1109
002575	518
002576	824
002577	2567
002578	578
002579	1238
002580	2020
002581	1445
002582	2813
002583	1385
002584	760
002585	1915
002586	2403
002587	1084
002588	1879
002589	2399
002590	1292
002591	3895
002592	1956
002593	793
002594	621
002595	2361
002596	2435
002597	2217
002598	607
002599	1761
002600	2437
002601	579
002602	1747
002603	2624
002604	566
002605	2051
002606	1415
002607	1487
002608	626
002609	1563
002610	1500
002611	1575
002612	2208
002613	2892
002614	1611
002615	2159
002616	1362
002617	2053
002618	1748
002619	703
002620	5245
002621	523
002622	845
002623	1088
002624	579
002625	3187
002626	1419
002627	1532
002628	1552
002629	2647
002630	2249
002631	5187
002632	646
002633	1145
002634	1660
002635	2677
002636	2466
002637	1202
002638	1178
002639	0
002640	1630
002641	2392
002642	2303
002643	1592
002644	0
002645	1566
002646	1600
002647	2912
002648	1205
002649	0
002650	931
002651	0
002652	1126
002653	789
002654	0
002655	1964
002656	2176
002657	1054
002658	903
002659	0
002660	2000
002661	794
002662	1890
002663	791
002664	2210
002665	580
002666	885
002667	1785
002668	2148
002669	3323
002670	1773
002671	952
002672	0
002673	0
002674	1684
002675	1430
002676	4951
002677	2388
002678	1797
002679	725
002680	1805
002681	2220
002682	1456
002683	1671
002684	711
002685	1952
002686	1991
002687	2394
002688	1210
002689	1340
002690	2590
002691	1754
002692	2014
002693	1820
002694	1906
002695	2285
002696	1292
002697	2439
002698	1628
002699	788
002700	789
002701	446
002702	1692
002703	856
002704	1895
002705	654
002706	2451
002707	2373
002708	1851
002709	1574
002710	1960
002711	1988
002712	2278
002713	0
002714	1954
002715	1813
002716	941
002717	2089
002718	622
002719	2531
002720	0
002721	958
002722	0
002723	2047
002724	573
002725	1862
002726	1779
002727	915
002728	1248
002729	0
002730	2482
002731	2140
002732	2814
002733	0
002734	2455
002735	0
002736	0
002737	644
002738	2687
002739	1925
002740	0
002741	1918
002742	1235
002743	2716
002744	2291
002745	1367
002746	1333
002747	713
002748	2715
002749	627
002750	592
002751	3099
002752	1120
002753	684
002754	1656
002755	2332
002756	803
002757	2078
002758	2412
002759	1603
002760	1361
002761	2176
002762	2958
002763	2744
002764	2667
002765	1293
002766	807
002767	1751
002768	2012
002769	1996
002770	1046
002771	2520
002772	2261
002773	1092
002774	666
002775	2091
002776	1847
002777	1390
002778	710
002779	2028
002780	2551
002781	3594
002782	1235
002783	585
002784	724
002785	954
002786	904
002787	1904
002788	2128
002789	1616
002790	1937
002791	521
002792	2405
002793	1750
002794	1583
002795	1586
002796	674
002797	1334
002798	763
002799	2543
002800	2391
002801	1968
002802	1954
002803	2206
002804	1973
002805	1228
002806	2204
002807	524
002808	887
002809	3472
002810	941
002811	1819
002812	260
002813	2943
002814	878
002815	2907
002816	942
002817	707
002818	1298
002819	1850
002820	2560
002821	3813
002822	2850
002823	681
002824	378
002825	1730
002826	2543
002827	2164
002828	3031
002829	2698
002830	1867
002831	3516
002832	3040
002833	1619
002834	897
002835	739
002836	668
002837	624
002838	687
002839	565
002840	1450
002841	554
002842	1551
002843	831
002844	2039
002845	643
002846	1649
002847	3224
002848	2692
002849	2419
002850	1883
002851	508
002852	1790
002853	701
002854	2198
002855	2117
002856	1513
002857	626
002858	1699
002859	0
002860	2500
002861	1181
002862	2181
002863	1452
002864	1708
002865	1823
002866	4017
002867	655
002868	1610
002869	1608
002870	993
002871	626
002872	1851
002873	1894
002874	0
002875	690
002876	0
002877	629
002878	909
002879	2205
002880	1865
002881	884
002882	2404
002883	685
002884	2110
002885	675
002886	697
002887	289
002888	699
002889	2159
002890	2133
002891	863
002892	1516
002893	487
002894	875
002895	1006
002896	2727
002897	746
002898	0
002899	1003
002900	2504
002901	1466
002902	369
002903	868
002904	956
002905	2743
002906	612
002907	905
002908	354
002909	1174
002910	2149
002911	526
002912	3275
002913	1201
002914	2535
002915	1588
002916	880
002917	1324
002918	1103
002919	697
002920	539
002921	2006
002922	864
002923	774
002924	2146
002925	2324
002926	2916
002927	489
002928	392
002929	2868
002930	703
002931	3583
002932	2966
002933	1590
002934	0
002935	2747
002936	0
002937	2233
002938	2884
002939	0
002940	1322
002941	1050
002942	3469
002943	1675
002944	2689
002945	0
002946	0
002947	0
002948	0
002949	0
002950	0
002951	0
002952	1847
002953	2241
002954	0
002955	458
002956	0
002957	1275
002958	2120
002959	497
002960	0
002961	0
002962	0
002963	3236
002964	2874
002965	1954
002966	2969
002967	0
002968	735
002969	1792
002970	3119
002971	4
002972	629
002973	1336
002974	447
002975	2979
002976	2098
002977	2379
002978	1250
002979	3575
002980	659
002981	2687
002982	1594
002983	620
002984	1908
002985	1271
002986	2364
002987	2148
002988	1387
002989	738
002990	2762
002991	642
002992	1007
002993	1433
002994	1947
002995	0
002996	2831
002997	3252
002998	1546
002999	930
003000	1604
003001	1703
003002	1253
003003	1402
003004	3114
003005	1889
003006	587
003007	717
003008	600
003009	1692
003010	1430
003011	887
003012	3067
003013	1256
003014	2269
003015	2949
003016	1826
003017	1675
003018	3287
003019	507
003020	3581
003021	0
003022	466
003023	2240
003024	2340
003025	2610
003026	2275
003027	1045
003028	1655
003029	760
003030	1852
003031	2048
003032	2797
003033	1002
003034	3159
003035	2149
003036	1409
003037	1917
003038	2271
003039	794
003040	432
003041	546
003042	2881
003043	1280
003044	1357
003045	2157
003046	448
003047	872
003048	2150
003049	2972
003050	3307
003051	768
003052	1496
003053	2625
003054	1990
003055	429
003056	1459
003057	1035
003058	842
003059	2802
003060	2769
003061	580
003062	1206
003063	1600
003064	945
003065	1051
003066	262
003067	1951
003068	535
003069	105
003070	2784
003071	3643
003072	887
003073	2354
003074	2498
003075	558
003076	760
003077	2539
003078	1494
003079	2411
003080	2540
003081	675
003082	2177
003083	1634
003084	3112
003085	759
003086	883
003087	2818
003088	2888
003089	3209
003090	2028
003091	753
003092	1827
003093	1883
003094	662
003095	2279
003096	777
003097	1792
003098	1939
003099	1466
003100	721
003101	1667
003102	2202
003103	2077
003104	841
003105	1606
003106	2302
003107	2449
003108	1868
003109	775
003110	894
003111	2308
003112	2849
003113	1790
003114	2844
003115	1792
003116	2201
003117	1381
003118	2805
003119	2532
003120	1613
003121	2753
003122	1490
003123	2350
003124	2505
003125	1694
003126	1053
003127	1114
003128	2345
003129	2945
003130	2523
003131	2996
003132	1947
003133	2488
003134	1806
003135	2475
003136	2161
003137	2231
003138	1939
003139	2531
003140	1984
003141	2584
003142	1016
003143	1670
003144	1475
003145	1076
003146	2511
003147	1766
003148	3591
003149	1411
003150	2802
003151	2684
003152	851
003153	2130
003154	1869
003155	2116
003156	1951
003157	3292
003158	1574
003159	2313
003160	2281
003161	1211
003162	2836
003163	2517
003164	1341
003165	2358
003166	1700
003167	2307
003168	1362
003169	2262
003170	1687
003171	1424
003172	650
003173	2802
003174	2360
003175	2386
003176	312
003177	2428
003178	2893
003179	1780
003180	1658
003181	416
003182	3484
003183	3112
003184	2903
003185	1846
003186	1934
003187	681
003188	1958
003189	1677
003190	2794
003191	889
003192	1310
003193	2446
003194	2457
003195	2305
003196	618
003197	2726
003198	1643
003199	2498
003200	968
003201	2152
003202	8
003203	2682
003204	787
003205	1736
003206	3031
003207	821
003208	2091
003209	3705
003210	2135
003211	502
003212	2512
003213	1640
003214	811
003215	512
003216	3774
003217	2612
003218	1468
003219	1979
003220	3198
003221	844
003222	845
003223	1854
003224	1020
003225	2023
003226	1094
003227	728
003228	432
003229	2287
003230	2998
003231	1258
003232	904
003233	946
003234	979
003235	1481
003236	1657
003237	1909
003238	1292
003239	2336
003240	2409
003241	806
003242	1204
003243	677
003244	799
003245	3469
003246	3106
003247	2689
003248	2578
003249	1104
003250	1554
003251	770
003252	472
003253	661
003254	2480
003255	1260
003256	1563
003257	1604
003258	0
003259	590
003260	671
003261	656
003262	0
003263	1717
003264	694
003265	0
003266	1295
003267	0
003268	620
003269	2146
003270	321
003271	1877
003272	2062
003273	666
003274	647
003275	1899
003276	0
003277	685
003278	960
003279	1464
003280	2189
003281	1890
003282	641
003283	1351
003284	0
003285	1391
003286	104
003287	787
003288	2054
003289	2857
003290	2118
003291	929
003292	1717
003293	1923
003294	1425
003295	2854
003296	1349
003297	618
003298	2897
003299	3179
003300	2833
003301	2265
003302	2073
003303	1929
003304	577
003305	811
003306	3525
003307	3694
003308	2436
003309	2465
003310	797
003311	1805
003312	2927
003313	2444
003314	699
003315	1921
003316	2576
003317	2832
003318	2129
003319	486
003320	1147
003321	492
003322	1619
003323	2799
003324	3144
003325	4406
003326	2453
003327	1174
003328	1345
003329	863
003330	2694
003331	0
003332	2393
003333	2285
003334	3064
003335	1620
003336	2028
003337	3276
003338	1011
003339	1844
003340	857
003341	3156
003342	3828
003343	1677
003344	2802
003345	1534
003346	2363
003347	3576
003348	2380
003349	1720
003350	1092
003351	2454
003352	3293
003353	3239
003354	3272
003355	1726
003356	2741
003357	2333
003358	1231
003359	3736
003360	2351
003361	2728
003362	2123
003363	1951
003364	0
003365	3251
003366	2795
003367	3198
003368	2236
003369	2638
003370	1653
003371	1934
003372	1971
003373	1562
003374	2218
003375	2095
003376	2253
003377	1988
003378	2235
003379	1648
003380	2149
003381	1144
003382	492
003383	0
003384	3147
003385	1799
003386	1378
003387	1402
003388	2544
003389	2627
003390	1912
003391	547
003392	1031
003393	2742
003394	1057
003395	1225
003396	2384
003397	2944
003398	1213
003399	2530
003400	2191
003401	3080
003402	611
003403	2428
003404	2887
003405	1678
003406	426
003407	1402
003408	2739
003409	1141
003410	1725
003411	3259
003412	2547
003413	462
003414	2314
003415	3003
003416	473
003417	2623
003418	2458
003419	1690
003420	1403
003421	3072
003422	2528
003423	2107
003424	2001
003425	901
003426	2957
003427	678
003428	2107
003429	1622
003430	3201
003431	2682
003432	1697
003433	1584
003434	2019
003435	2783
003436	1396
003437	2049
003438	3286
003439	4058
003440	320
003441	799
003442	1298
003443	0
003444	1023
003445	1033
003446	1162
003447	2047
003448	1518
003449	248
003450	2776
003451	3244
003452	2806
003453	2751
003454	3185
003455	2882
003456	0
003457	3231
003458	3084
003459	919
003460	613
003461	1091
003462	1789
003463	2207
003464	1051
003465	1871
003466	3648
003467	770
003468	2898
003469	1269
003470	1398
003471	2605
003472	729
003473	521
003474	3158
003475	2511
003476	2874
003477	2874
003478	639
003479	1972
003480	1071
003481	2606
003482	2517
003483	709
003484	538
003485	3694
003486	2858
003487	438
003488	3733
003489	1230
003490	2765
003491	2738
003492	1215
003493	2256
003494	770
003495	491
003496	2236
003497	604
003498	2445
003499	2894
003500	479
003501	321
003502	2558
003503	1932
003504	1835
003505	668
003506	113
003507	1581
003508	3010
003509	2049
003510	1000
003511	2988
003512	2845
003513	4096
003514	2964
003515	1700
003516	1032
003517	1401
003518	975
003519	1937
003520	2734
003521	3671
003522	2337
003523	1523
003524	1913
003525	1415
003526	1325
003527	1656
003528	0
003529	2326
003530	3432
003531	2527
003532	2359
003533	466
003534	0
003535	2873
003536	3344
003537	4
003538	1023
003539	2799
003540	3003
003541	1410
003542	1401
003543	1009
003544	426
003545	667
003546	2574
003547	1559
003548	2708
003549	1747
003550	738
003551	1764
003552	1215
003553	3195
003554	2445
003555	2947
003556	1852
003557	682
003558	1983
003559	1419
003560	832
003561	452
003562	2981
003563	3382
003564	593
003565	1454
003566	3501
003567	1378
003568	2955
003569	1546
003570	1227
003571	2726
003572	2763
003573	3614
003574	3297
003575	506
003576	2340
003577	1506
003578	695
003579	125
003580	2214
003581	1587
003582	3247
003583	2474
003584	4044
003585	2036
003586	3128
003587	2602
003588	1933
003589	3457
003590	1361
003591	1013
003592	788
003593	2732
003594	2806
003595	1527
003596	1296
003597	1605
003598	2342
003599	2382
003600	999
003601	2217
003602	3001
003603	2729
003604	1212
003605	3003
003606	2964
003607	1393
003608	2086
003609	1592
003610	643
003611	3172
003612	1504
003613	2142
003614	0
003615	0
003616	1460
003617	614
003618	0
003619	2199
003620	0
003621	605
003622	670
003623	496
003624	683
003625	1937
003626	2212
003627	0
003628	1933
003629	2149
003630	0
003631	648
003632	659
003633	1109
003634	659
003635	1644
003636	1543
003637	2584
003638	2551
003639	1724
003640	2011
003641	1337
003642	2733
003643	690
003644	0
003645	1689
003646	2139
003647	1821
003648	647
003649	2333
003650	515
003651	1643
003652	2501
003653	3494
003654	1655
003655	2638
003656	884
003657	3111
003658	2734
003659	2931
003660	3004
003661	1921
003662	1874
003663	3095
003664	672
003665	3119
003666	2995
003667	1776
003668	0
003669	1201
003670	1605
003671	2627
003672	1196
003673	2997
003674	2469
003675	2547
003676	3200
003677	2709
003678	2327
003679	2162
003680	1955
003681	980
003682	1375
003683	3295
003684	1592
003685	981
003686	209
003687	920
003688	1654
003689	729
003690	740
003691	3142
003692	2554
003693	2150
003694	1497
003695	3753
003696	0
003697	2638
003698	1310
003699	2410
003700	2640
003701	3001
003702	193
003703	3228
003704	1629
003705	971
003706	3208
003707	2212
003708	360
003709	1913
003710	3501
003711	0
003712	3173
003713	2807
003714	2796
003715	2743
003716	2013
003717	3560
003718	423
003719	2839
003720	1516
003721	1180
003722	2991
003723	524
003724	0
003725	1787
003726	1359
003727	3052
003728	0
003729	0
003730	610
003731	2362
003732	3002
003733	3071
003734	1153
003735	1306
003736	1640
003737	3491
003738	1613
003739	2799
003740	3429
003741	1575
003742	2349
003743	0
003744	2495
003745	3421
003746	2951
003747	2392
003748	2485
003749	1474
003750	978
003751	1043
003752	2508
003753	2923
003754	3423
003755	4180
003756	3149
003757	902
003758	3096
003759	2946
003760	1794
003761	2091
003762	2215
003763	3757
003764	2788
003765	3204
003766	2782
003767	1951
003768	1494
003769	874
003770	1897
003771	2980
003772	953
003773	2295
003774	2984
003775	2487
003776	3250
003777	465
003778	3393
003779	779
003780	3356
003781	2318
003782	2666
003783	1393
003784	0
003785	3879
003786	1077
003787	2602
003788	2293
003789	2683
003790	3322
003791	2930
003792	652
003793	3045
003794	489
003795	2572
003796	2529
003797	882
003798	2736
003799	849
003800	2427
003801	3325
003802	1076
003803	401
003804	1135
003805	3068
003806	3236
003807	1002
003808	3015
003809	2632
003810	0
003811	3307
003812	1860
003813	1097
003814	0
003815	639
003816	2374
003817	2814
003818	2971
003819	477
003820	0
003821	3178
003822	3327
003823	1528
003824	1109
003825	812
003826	0
003827	2874
003828	2777
003829	3711
003830	0
003831	1156
003832	929
003833	687
003834	3491
003835	2827
003836	471
003837	2873
003838	2946
003839	2219
003840	0
003841	3592
003842	3354
003843	2028
003844	3067
003845	807
003846	1017
003847	2857
003848	2930
003849	1508
003850	0
003851	2831
003852	3124
003853	3967
003854	3093
003855	480
003856	0
003857	2840
003858	3485
003859	2829
003860	3318
003861	776
003862	0
003863	3187
003864	719
003865	2828
003866	1324
003867	359
003868	2549
003869	2264
003870	2981
003871	910
003872	0
003873	0
003874	0
003875	3712
003876	1935
003877	871
003878	3254
003879	2032
003880	627
003881	2749
003882	0
003883	3290
003884	3186
003885	2445
003886	2869
003887	2413
003888	25
003889	1307
003890	2133
003891	1795
003892	3370
003893	0
003894	0
003895	2183
003896	0
003897	3087
003898	0
003899	2861
003900	2515
003901	1677
003902	2199
003903	1744
003904	673
003905	1651
003906	1537
003907	2435
003908	1578
003909	1499
003910	2662
003911	1051
003912	432
003913	2786
003914	2861
003915	729
003916	1828
003917	740
003918	3082
003919	584
003920	2949
003921	1894
003922	2260
003923	2252
003924	1273
003925	2354
003926	2739
003927	2954
003928	1117
003929	1251
003930	786
003931	3475
003932	2503
003933	0
003934	3265
003935	1185
003936	2338
003937	1177
003938	835
003939	3035
003940	814
003941	2433
003942	1654
003943	2514
003944	2523
003945	559
003946	3192
003947	3033
003948	2625
003949	2730
003950	786
003951	2373
003952	2553
003953	1743
003954	704
003955	2961
003956	2183
003957	3270
003958	313
003959	2988
003960	2467
003961	1128
003962	1687
003963	3013
003964	714
003965	771
003966	2202
003967	1214
003968	2687
003969	1067
003970	1870
003971	1649
003972	2641
003973	3095
003974	886
003975	2854
003976	2651
003977	1042
003978	0
003979	2630
