000001	2019
000002	2019
000003	2019
000004	2019
000005	2019
000006	2019
000007	2019
000008	2019
000009	2019
000010	2018
000011	2019
000012	2019
000013	2018
000014	2018
000015	2019
000016	2019
000017	2019
000018	2019
000019	2019
000020	2019
000021	2019
000022	2019
000023	2019
000024	2019
000025	2019
000026	2019
000027	2019
000028	2019
000029	2019
000030	2019
000031	NODATA
000032	2019
000033	2019
000034	2018
000035	2019
000036	2019
000037	2018
000038	2018
000039	2019
000040	2019
000041	2019
000042	2019
000043	2018
000044	2014
000045	2019
000046	2018
000047	NODATA
000048	2018
000049	2019
000050	2019
000051	2018
000052	2018
000053	NODATA
000054	2013
000055	2018
000056	2018
000057	2018
000058	2018
000059	NODATA
000060	2019
000061	2018
000062	2019
000063	2016
000064	2018
000065	2016
000066	2017
000067	2018
000068	2014
000069	2019
000070	2019
000071	NODATA
000072	2015
000073	2009
000074	2009
000075	2009
000076	2009
000077	2008
000078	2009
000079	2009
000080	2009
000081	2009
000082	2009
000083	2009
000084	2009
000085	2009
000086	2009
000087	2008
000088	2007
000089	2009
000090	2009
000091	2009
000092	2004
000093	2009
000094	2009
000095	2009
000096	2009
000097	2009
000098	2004
000099	NODATA
000100	2009
000101	2009
000102	2009
000103	2009
000104	2009
000105	2007
000106	2009
000107	2009
000108	2009
000109	2009
000110	2002
000111	2009
000112	2009
000113	2009
000114	2001
000115	2002
000116	2008
000117	2002
000118	NODATA
000119	2009
000120	2003
000121	2009
000122	2009
000123	2009
000124	2001
000125	2007
000126	2009
000127	2002
000128	2009
000129	2009
000130	2004
000131	2009
000132	2009
000133	2002
000134	2002
000135	2009
000136	2009
000137	2009
000138	2009
000139	2009
000140	2009
000141	2008
000142	2003
000143	2009
000144	2008
000145	1998
000146	2009
000147	2009
000148	2009
000149	2009
000150	2003
000151	1998
000152	2008
000153	2009
000154	2009
000155	2009
000156	2009
000157	2003
000158	2009
000159	2009
000160	NODATA
000161	2009
000162	2009
000163	2006
000164	2009
000165	2009
000166	2009
000167	2008
000168	1998
000169	2008
000170	2009
000171	2003
000172	2009
000173	2008
000174	2004
000175	2009
000176	2008
000177	2009
000178	2009
000179	2009
000180	2008
000181	2008
000182	2008
000183	2006
000184	2008
000185	2005
000186	2003
000187	2004
000188	2008
000189	2001
000190	2007
000191	2008
000192	2005
000193	2008
000194	2008
000195	2006
000196	2008
000197	2008
000198	2008
000199	2004
000200	2002
000201	2008
000202	2007
000203	2004
000204	2005
000205	2008
000206	2008
000207	2005
000208	2008
000209	2006
000210	2005
000211	2003
000212	2004
000213	2008
000214	2004
000215	2008
000216	2006
000217	2004
000218	2008
000219	2008
000220	2005
000221	2009
000222	2003
000223	2008
000224	2005
000225	2003
000226	2008
000227	2008
000228	2003
000229	2003
000230	2007
000231	2005
000232	2004
000233	2007
000234	2003
000235	2007
000236	1998
000237	2008
000238	2009
000239	2009
000240	2008
000241	2008
000242	2003
000243	2004
000244	2009
000245	2008
000246	2005
000247	2006
000248	2004
000249	2007
000250	2007
000251	2008
000252	2007
000253	2005
000254	1998
000255	2008
000256	2007
000257	2006
000258	2005
000259	2007
000260	2008
000261	2007
000262	2007
000263	2007
000264	2008
000265	2007
000266	2002
000267	2007
000268	2007
000269	2008
000270	2005
000271	2003
000272	2008
000273	2007
000274	2008
000275	2008
000276	2005
000277	2007
000278	2008
000279	2003
000280	2008
000281	2003
000282	2007
000283	2003
000284	2007
000285	2007
000286	2007
000287	2004
000288	2008
000289	1998
000290	2008
000291	2008
000292	2005
000293	2007
000294	2008
000295	2008
000296	2007
000297	2003
000298	2003
000299	2008
000300	2004
000301	2008
000302	2007
000303	2004
000304	2007
000305	2007
000306	2008
000307	2008
000308	2007
000309	2008
000310	2008
000311	2007
000312	2007
000313	2002
000314	NODATA
000315	2005
000316	2008
000317	NODATA
000318	2003
000319	2008
000320	2008
000321	2008
000322	2007
000323	2008
000324	2008
000325	2008
000326	2005
000327	2008
000328	2006
000329	2008
000330	2008
000331	2007
000332	2007
000333	1990
000334	2007
000335	2007
000336	2008
000337	2008
000338	2007
000339	2008
000340	2008
000341	2007
000342	2002
000343	2008
000344	1984
000345	2007
000346	2007
000347	2008
000348	2008
000349	NODATA
000350	2008
000351	2008
000352	2008
000353	2007
000354	2007
000355	2008
000356	2005
000357	2005
000358	2005
000359	2005
000360	2007
000361	2002
000362	2002
000363	2007
000364	2007
000365	2007
000366	2002
000367	2007
000368	2003
000369	2002
000370	2002
000371	2007
000372	2005
000373	2007
000374	2007
000375	2007
000376	2007
000377	2007
000378	2007
000379	2007
000380	2002
000381	2007
000382	2002
000383	2007
000384	2007
000385	2007
000386	2007
000387	2005
000388	2007
000389	2007
000390	2007
000391	2002
000392	2007
000393	2007
000394	2007
000395	2007
000396	2007
000397	2007
000398	2007
000399	2007
000400	2007
000401	2007
000402	2007
000403	2007
000404	2007
000405	2007
000406	2007
000407	2007
000408	2007
000409	2007
000410	2007
000411	2007
000412	2004
000413	2007
000414	2007
000415	2003
000416	2007
000417	2007
000418	2001
000419	2002
000420	2005
000421	2007
000422	2007
000423	2007
000424	NODATA
000425	2007
000426	2007
000427	2007
000428	2007
000429	2018
000430	NODATA
000431	2019
000432	2019
000433	NODATA
000434	2018
000435	2018
000436	NODATA
000437	2018
000438	NODATA
000439	NODATA
000440	2017
000441	NODATA
000442	2019
000443	2019
000444	2019
000445	2018
000446	2018
000447	NODATA
000448	2018
000449	NODATA
000450	NODATA
000451	2018
000452	NODATA
000453	2018
000454	NODATA
000455	2019
000456	2019
000457	NODATA
000458	NODATA
000459	NODATA
000460	2018
000461	2018
000462	2018
000463	2018
000464	NODATA
000465	2006
000466	2007
000467	2007
000468	2007
000469	2006
000470	2005
000471	2004
000472	2002
000473	2003
000474	2002
000475	2002
000476	2003
000477	2003
000478	2007
000479	NODATA
000480	2003
000481	2007
000482	2004
000483	2003
000484	2003
000485	2007
000486	2007
000487	2002
000488	2007
000489	2002
000490	2006
000491	2004
000492	2007
000493	2006
000494	2006
000495	2005
000496	2004
000497	2003
000498	2005
000499	2006
000500	2005
000501	2004
000502	2005
000503	2005
000504	2007
000505	2005
000506	2005
000507	2005
000508	2002
000509	2005
000510	2002
000511	2007
000512	2005
000513	2004
000514	2007
000515	2005
000516	2003
000517	2005
000518	2006
000519	2003
000520	2005
000521	2006
000522	2005
000523	2006
000524	2005
000525	2006
000526	NODATA
000527	2006
000528	2006
000529	2003
000530	2004
000531	2004
000532	2006
000533	2004
000534	2005
000535	2003
000536	2003
000537	2006
000538	2005
000539	2005
000540	2005
000541	2005
000542	2005
000543	2006
000544	2004
000545	2005
000546	2006
000547	2005
000548	2005
000549	2004
000550	2006
000551	2005
000552	2005
000553	2004
000554	2005
000555	2005
000556	2004
000557	2006
000558	2006
000559	2005
000560	2006
000561	2005
000562	2006
000563	2005
000564	2005
000565	2006
000566	2005
000567	2005
000568	2005
000569	2005
000570	2006
000571	2004
000572	2004
000573	2006
000574	2006
000575	2006
000576	2006
000577	2006
000578	2006
000579	2006
000580	2006
000581	2006
000582	2006
000583	2006
000584	2006
000585	2006
000586	2006
000587	2019
000588	2018
000589	2018
000590	2019
000591	2018
000592	2018
000593	2015
000594	2017
000595	NODATA
000596	2018
000597	2018
000598	2018
000599	NODATA
000600	2018
000601	2018
000602	2018
000603	NODATA
000604	2019
000605	2018
000606	2018
000607	NODATA
000608	2018
000609	2018
000610	2018
000611	2018
000612	2018
000613	2018
000614	2019
000615	2018
000616	2018
000617	2018
000618	NODATA
000619	2018
000620	2019
000621	2018
000622	2019
000623	2018
000624	2018
000625	2018
000626	2018
000627	2018
000628	2018
000629	2018
000630	2018
000631	2018
000632	2018
000633	2018
000634	NODATA
000635	2018
000636	2018
000637	2018
000638	2018
000639	2018
000640	2018
000641	2018
000642	2018
000643	2018
000644	2018
000645	NODATA
000646	NODATA
000647	2016
000648	2018
000649	2018
000650	2018
000651	2018
000652	2018
000653	2018
000654	NODATA
000655	2018
000656	2017
000657	2018
000658	2018
000659	NODATA
000660	2018
000661	2017
000662	2018
000663	2018
000664	NODATA
000665	2016
000666	NODATA
000667	2018
000668	NODATA
000669	2018
000670	2018
000671	2018
000672	2018
000673	NODATA
000674	NODATA
000675	2017
000676	NODATA
000677	2018
000678	NODATA
000679	2018
000680	2018
000681	2017
000682	2018
000683	2018
000684	NODATA
000685	NODATA
000686	2018
000687	2018
000688	2018
000689	2014
000690	2013
000691	2018
000692	2018
000693	2018
000694	NODATA
000695	2018
000696	2017
000697	2018
000698	2018
000699	2018
000700	NODATA
000701	2018
000702	2018
000703	2018
000704	2018
000705	2018
000706	2018
000707	2018
000708	2018
000709	2018
000710	2018
000711	2018
000712	2018
000713	2018
000714	2018
000715	2018
000716	2018
000717	NODATA
000718	2018
000719	NODATA
000720	2018
000721	2018
000722	2017
000723	NODATA
000724	2018
000725	2018
000726	2017
000727	2018
000728	2016
000729	2018
000730	2018
000731	2015
000732	2018
000733	2018
000734	2017
000735	2018
000736	NODATA
000737	2018
000738	2017
000739	2018
000740	2018
000741	NODATA
000742	2018
000743	NODATA
000744	NODATA
000745	2018
000746	2018
000747	2018
000748	2018
000749	2018
000750	2018
000751	2018
000752	2017
000753	2018
000754	NODATA
000755	2018
000756	2018
000757	2017
000758	2018
000759	2017
000760	NODATA
000761	2018
000762	2018
000763	NODATA
000764	2018
000765	2018
000766	2018
000767	2018
000768	2018
000769	2018
000770	2016
000771	2017
000772	2018
000773	2016
000774	2018
000775	NODATA
000776	NODATA
000777	NODATA
000778	2018
000779	2018
000780	2018
000781	2017
000782	NODATA
000783	2016
000784	NODATA
000785	2016
000786	2018
000787	2018
000788	2018
000789	NODATA
000790	2018
000791	2018
000792	NODATA
000793	NODATA
000794	NODATA
000795	2018
000796	2017
000797	2018
000798	2018
000799	2017
000800	2018
000801	NODATA
000802	NODATA
000803	2018
000804	2018
000805	2018
000806	2018
000807	2018
000808	2017
000809	2018
000810	2018
000811	2018
000812	2018
000813	2017
000814	2018
000815	2018
000816	2017
000817	2018
000818	2018
000819	2018
000820	2018
000821	2018
000822	2018
000823	2018
000824	2018
000825	2018
000826	2018
000827	2018
000828	2018
000829	2018
000830	2018
000831	2017
000832	2017
000833	2017
000834	2017
000835	2018
000836	2018
000837	2018
000838	2018
000839	NODATA
000840	NODATA
000841	2017
000842	2017
000843	NODATA
000844	2018
000845	2018
000846	NODATA
000847	NODATA
000848	2018
000849	2018
000850	2018
000851	NODATA
000852	NODATA
000853	NODATA
000854	NODATA
000855	NODATA
000856	2018
000857	NODATA
000858	NODATA
000859	2018
000860	NODATA
000861	NODATA
000862	2018
000863	2018
000864	NODATA
000865	NODATA
000866	2018
000867	2017
000868	2018
000869	2018
000870	2018
000871	2018
000872	2018
000873	2018
000874	2018
000875	2019
000876	NODATA
000877	2014
000878	2019
000879	2019
000880	NODATA
000881	2019
000882	2019
000883	2018
000884	NODATA
000885	2019
000886	2019
000887	2019
000888	2016
000889	2019
000890	2019
000891	NODATA
000892	2019
000893	2019
000894	2019
000895	2019
000896	NODATA
000897	2019
000898	NODATA
000899	2019
000900	2015
000901	NODATA
000902	2019
000903	2019
000904	2019
000905	2012
000906	2019
000907	2019
000908	NODATA
000909	2019
000910	2019
000911	2013
000912	NODATA
000913	2016
000914	2018
000915	2018
000916	2017
000917	2018
000918	2018
000919	2017
000920	2016
000921	2018
000922	2018
000923	2018
000924	2018
000925	NODATA
000926	2017
000927	2018
000928	2018
000929	2018
000930	2018
000931	2018
000932	2012
000933	2017
000934	2018
000935	2016
000936	2013
000937	2018
000938	2018
000939	2018
000940	2018
000941	2018
000942	2018
000943	2018
000944	NODATA
000945	2017
000946	2018
000947	2018
000948	2018
000949	2018
000950	2017
000951	2017
000952	2018
000953	2018
000954	2018
000955	2018
000956	2018
000957	2018
000958	2018
000959	2018
000960	2018
000961	NODATA
000962	2018
000963	2018
000964	2018
000965	2017
000966	2018
000967	2018
000968	2018
000969	2018
000970	2018
000971	2018
000972	2017
000973	2017
000974	2018
000975	2018
000976	2018
000977	2018
000978	2018
000979	2017
000980	2018
000981	NODATA
000982	2018
000983	2017
000984	2017
000985	NODATA
000986	2018
000987	2018
000988	2017
000989	2018
000990	2016
000991	2016
000992	2017
000993	2018
000994	2018
000995	2017
000996	2018
000997	NODATA
000998	2018
000999	NODATA
001000	2017
001001	2017
001002	2015
001003	2017
001004	2017
001005	2017
001006	2017
001007	NODATA
001008	2017
001009	2018
001010	2018
001011	2017
001012	2018
001013	NODATA
001014	NODATA
001015	2017
001016	2017
001017	2017
001018	2018
001019	2018
001020	2017
001021	2017
001022	2017
001023	2017
001024	2018
001025	NODATA
001026	2018
001027	2017
001028	2017
001029	2018
001030	2017
001031	2018
001032	2017
001033	2017
001034	2018
001035	2018
001036	2017
001037	2018
001038	2017
001039	2017
001040	2017
001041	NODATA
001042	2017
001043	NODATA
001044	2018
001045	2017
001046	2018
001047	2017
001048	NODATA
001049	2018
001050	2017
001051	2017
001052	2018
001053	2018
001054	2018
001055	2017
001056	2017
001057	2018
001058	2015
001059	2017
001060	2016
001061	2017
001062	2017
001063	2018
001064	2017
001065	2016
001066	2017
001067	2015
001068	2016
001069	2017
001070	2018
001071	2017
001072	2018
001073	2016
001074	2017
001075	2017
001076	2018
001077	2017
001078	2017
001079	2011
001080	2017
001081	2017
001082	2017
001083	2017
001084	2017
001085	2013
001086	2018
001087	2017
001088	2017
001089	2017
001090	2017
001091	2017
001092	2017
001093	2017
001094	2018
001095	2017
001096	2018
001097	2017
001098	2017
001099	2017
001100	2017
001101	2017
001102	2017
001103	2017
001104	NODATA
001105	2017
001106	2017
001107	2018
001108	2017
001109	2017
001110	2018
001111	2017
001112	2017
001113	2017
001114	2018
001115	2018
001116	2016
001117	2017
001118	2017
001119	2017
001120	NODATA
001121	2017
001122	2017
001123	2017
001124	2017
001125	2017
001126	2017
001127	NODATA
001128	NODATA
001129	NODATA
001130	2017
001131	NODATA
001132	NODATA
001133	NODATA
001134	NODATA
001135	NODATA
001136	NODATA
001137	NODATA
001138	NODATA
001139	NODATA
001140	NODATA
001141	2017
001142	NODATA
001143	NODATA
001144	NODATA
001145	2017
001146	NODATA
001147	NODATA
001148	NODATA
001149	NODATA
001150	NODATA
001151	NODATA
001152	NODATA
001153	NODATA
001154	NODATA
001155	NODATA
001156	NODATA
001157	NODATA
001158	NODATA
001159	NODATA
001160	NODATA
001161	2017
001162	NODATA
001163	NODATA
001164	NODATA
001165	2017
001166	NODATA
001167	NODATA
001168	NODATA
001169	2017
001170	NODATA
001171	NODATA
001172	NODATA
001173	NODATA
001174	2017
001175	NODATA
001176	NODATA
001177	NODATA
001178	NODATA
001179	2017
001180	NODATA
001181	NODATA
001182	2017
001183	NODATA
001184	NODATA
001185	NODATA
001186	NODATA
001187	2017
001188	NODATA
001189	2017
001190	2017
001191	2017
001192	NODATA
001193	NODATA
001194	2017
001195	2017
001196	NODATA
001197	NODATA
001198	2017
001199	2016
001200	2017
001201	2017
001202	2017
001203	2017
001204	NODATA
001205	2017
001206	NODATA
001207	NODATA
001208	NODATA
001209	2017
001210	NODATA
001211	NODATA
001212	2017
001213	2017
001214	NODATA
001215	2017
001216	2017
001217	2017
001218	NODATA
001219	2017
001220	2017
001221	NODATA
001222	2017
001223	2017
001224	2017
001225	2017
001226	2017
001227	2017
001228	2017
001229	2017
001230	2017
001231	2017
001232	NODATA
001233	2017
001234	2017
001235	NODATA
001236	NODATA
001237	2017
001238	2016
001239	2017
001240	2017
001241	2017
001242	NODATA
001243	2017
001244	2017
001245	NODATA
001246	NODATA
001247	2017
001248	2017
001249	NODATA
001250	2017
001251	2017
001252	2017
001253	2017
001254	NODATA
001255	2017
001256	2017
001257	2017
001258	NODATA
001259	2017
001260	NODATA
001261	NODATA
001262	NODATA
001263	2017
001264	2017
001265	2017
001266	2017
001267	NODATA
001268	2017
001269	2016
001270	2017
001271	2019
001272	2019
001273	NODATA
001274	2019
001275	2019
001276	2019
001277	NODATA
001278	2019
001279	2019
001280	NODATA
001281	2018
001282	2019
001283	2019
001284	2019
001285	2019
001286	2018
001287	2015
001288	NODATA
001289	2019
001290	2019
001291	2019
001292	2019
001293	2019
001294	NODATA
001295	2019
001296	2019
001297	NODATA
001298	2019
001299	2019
001300	2015
001301	2019
001302	2019
001303	2019
001304	2019
001305	2019
001306	2019
001307	2017
001308	2017
001309	2016
001310	NODATA
001311	2017
001312	2017
001313	2017
001314	2017
001315	2017
001316	NODATA
001317	2017
001318	2017
001319	NODATA
001320	2017
001321	2017
001322	2017
001323	NODATA
001324	2017
001325	2016
001326	2017
001327	2017
001328	2017
001329	2016
001330	NODATA
001331	2017
001332	NODATA
001333	2017
001334	2017
001335	2017
001336	2017
001337	NODATA
001338	2016
001339	2017
001340	2017
001341	NODATA
001342	NODATA
001343	2017
001344	2017
001345	2017
001346	2017
001347	2017
001348	2017
001349	2017
001350	2017
001351	2017
001352	2017
001353	2017
001354	2017
001355	2017
001356	NODATA
001357	2015
001358	2017
001359	2017
001360	2017
001361	2017
001362	2017
001363	2017
001364	2017
001365	2016
001366	2017
001367	2017
001368	2017
001369	2017
001370	2017
001371	2017
001372	2017
001373	2017
001374	2017
001375	2017
001376	2016
001377	2017
001378	2017
001379	2016
001380	2017
001381	2017
001382	2017
001383	2017
001384	2017
001385	2017
001386	NODATA
001387	2017
001388	2016
001389	2016
001390	2017
001391	2017
001392	2017
001393	2017
001394	NODATA
001395	NODATA
001396	NODATA
001397	NODATA
001398	2017
001399	2017
001400	2017
001401	2017
001402	2017
001403	2017
001404	2017
001405	2017
001406	2017
001407	2017
001408	2017
001409	2017
001410	2017
001411	2017
001412	2017
001413	NODATA
001414	2017
001415	2017
001416	2016
001417	2017
001418	2017
001419	2017
001420	2017
001421	2016
001422	2017
001423	2016
001424	2015
001425	2017
001426	2017
001427	2017
001428	2017
001429	2017
001430	2016
001431	2016
001432	2017
001433	2017
001434	2017
001435	2017
001436	2017
001437	2017
001438	2016
001439	2017
001440	2017
001441	2017
001442	2017
001443	2017
001444	2017
001445	2016
001446	2017
001447	2016
001448	2017
001449	2017
001450	2017
001451	2017
001452	2017
001453	2017
001454	2017
001455	2016
001456	2016
001457	2017
001458	2017
001459	2017
001460	2017
001461	2017
001462	2016
001463	2017
001464	2017
001465	2017
001466	2017
001467	2017
001468	2016
001469	2017
001470	2014
001471	2017
001472	2017
001473	2017
001474	2017
001475	2017
001476	2017
001477	2017
001478	2016
001479	2017
001480	2017
001481	2017
001482	2016
001483	2017
001484	2017
001485	2016
001486	2017
001487	2017
001488	2017
001489	2016
001490	2017
001491	2017
001492	2017
001493	2017
001494	2017
001495	2017
001496	2017
001497	2016
001498	2017
001499	2017
001500	2016
001501	2016
001502	2017
001503	2017
001504	2017
001505	2016
001506	2017
001507	2017
001508	2017
001509	2016
001510	2017
001511	2017
001512	2017
001513	2017
001514	2017
001515	2017
001516	2017
001517	2017
001518	2017
001519	2017
001520	2017
001521	2016
001522	2016
001523	2017
001524	2016
001525	2016
001526	2015
001527	2012
001528	2016
001529	2016
001530	2016
001531	2017
001532	2016
001533	2017
001534	2017
001535	2017
001536	2017
001537	2017
001538	2017
001539	2016
001540	2016
001541	2017
001542	2017
001543	2015
001544	2017
001545	2016
001546	2017
001547	2016
001548	2016
001549	2017
001550	2016
001551	2017
001552	2017
001553	2016
001554	2016
001555	NODATA
001556	2017
001557	2017
001558	2016
001559	2017
001560	2016
001561	2017
001562	2016
001563	2017
001564	2016
001565	2016
001566	2016
001567	2016
001568	2016
001569	2016
001570	2016
001571	2017
001572	2016
001573	2016
001574	2016
001575	2016
001576	2016
001577	2016
001578	2015
001579	2016
001580	2017
001581	2017
001582	2017
001583	2017
001584	2016
001585	2016
001586	2016
001587	2016
001588	2015
001589	2016
001590	2015
001591	NODATA
001592	2016
001593	2017
001594	2017
001595	2016
001596	2016
001597	2016
001598	2016
001599	2016
001600	2016
001601	2016
001602	2016
001603	2016
001604	2016
001605	2017
001606	2017
001607	2016
001608	2016
001609	2016
001610	2017
001611	2016
001612	2016
001613	2013
001614	2016
001615	NODATA
001616	2016
001617	2015
001618	2016
001619	2017
001620	2016
001621	2015
001622	2016
001623	NODATA
001624	2015
001625	2016
001626	2016
001627	2016
001628	2016
001629	2016
001630	2016
001631	2016
001632	2016
001633	2016
001634	2015
001635	2016
001636	2016
001637	2016
001638	2016
001639	2016
001640	2015
001641	2016
001642	2016
001643	2016
001644	2015
001645	2015
001646	2016
001647	2016
001648	2016
001649	2016
001650	2016
001651	2015
001652	2016
001653	2016
001654	2016
001655	2015
001656	NODATA
001657	2016
001658	2015
001659	2016
001660	2016
001661	2016
001662	2016
001663	2016
001664	2016
001665	2016
001666	2015
001667	2019
001668	2019
001669	2019
001670	2019
001671	2019
001672	2019
001673	2019
001674	2019
001675	2019
001676	NODATA
001677	2019
001678	2019
001679	2019
001680	2019
001681	2018
001682	NODATA
001683	2018
001684	NODATA
001685	2019
001686	2019
001687	2018
001688	2015
001689	NODATA
001690	2019
001691	2019
001692	NODATA
001693	NODATA
001694	2019
001695	2019
001696	2018
001697	2019
001698	2019
001699	NODATA
001700	2019
001701	NODATA
001702	2019
001703	2015
001704	NODATA
001705	2015
001706	2016
001707	2016
001708	2016
001709	2016
001710	NODATA
001711	NODATA
001712	2016
001713	NODATA
001714	2016
001715	2015
001716	NODATA
001717	2016
001718	2016
001719	2016
001720	2016
001721	NODATA
001722	2016
001723	2015
001724	NODATA
001725	2016
001726	2016
001727	2016
001728	2016
001729	2016
001730	2016
001731	NODATA
001732	2016
001733	2016
001734	2015
001735	2015
001736	2016
001737	2016
001738	2016
001739	2016
001740	2016
001741	2016
001742	2016
001743	2015
001744	2016
001745	2016
001746	2016
001747	2016
001748	2016
001749	2016
001750	2016
001751	2016
001752	2016
001753	2016
001754	2016
001755	2016
001756	2016
001757	2015
001758	2016
001759	2016
001760	2016
001761	2016
001762	2016
001763	2015
001764	2016
001765	2016
001766	2016
001767	2016
001768	2016
001769	2015
001770	2016
001771	2016
001772	2016
001773	2015
001774	2016
001775	2016
001776	2016
001777	2016
001778	2016
001779	2015
001780	2016
001781	2016
001782	2015
001783	2015
001784	2016
001785	2016
001786	2016
001787	2015
001788	2015
001789	2016
001790	NODATA
001791	NODATA
001792	2016
001793	2016
001794	NODATA
001795	2016
001796	2016
001797	2016
001798	NODATA
001799	NODATA
001800	2016
001801	2016
001802	NODATA
001803	2016
001804	2016
001805	2016
001806	NODATA
001807	2016
001808	2016
001809	2016
001810	2013
001811	2015
001812	2016
001813	2016
001814	2016
001815	2016
001816	2016
001817	2016
001818	2016
001819	2016
001820	2016
001821	2016
001822	2016
001823	2015
001824	2016
001825	2016
001826	2016
001827	2016
001828	2016
001829	2016
001830	2016
001831	2016
001832	2016
001833	2016
001834	2016
001835	2016
001836	2016
001837	2015
001838	2016
001839	2016
001840	2016
001841	2016
001842	2016
001843	2016
001844	2014
001845	2016
001846	2015
001847	2015
001848	2016
001849	2016
001850	2016
001851	2016
001852	2016
001853	2016
001854	2016
001855	2016
001856	2016
001857	2015
001858	2015
001859	2016
001860	2016
001861	2016
001862	2016
001863	2016
001864	2016
001865	2016
001866	2015
001867	2015
001868	2016
001869	2016
001870	2015
001871	2016
001872	2016
001873	2016
001874	2015
001875	2016
001876	2015
001877	2015
001878	2016
001879	2015
001880	2016
001881	2016
001882	2016
001883	2016
001884	2016
001885	2016
001886	2016
001887	2016
001888	2016
001889	2016
001890	2015
001891	2015
001892	2016
001893	2016
001894	2015
001895	2016
001896	2016
001897	2016
001898	2016
001899	2015
001900	2015
001901	2014
001902	2016
001903	2015
001904	2016
001905	2016
001906	2016
001907	2016
001908	2015
001909	2016
001910	2016
001911	2016
001912	2016
001913	2016
001914	2016
001915	2016
001916	2016
001917	2016
001918	2016
001919	2015
001920	2016
001921	2016
001922	2016
001923	2014
001924	2016
001925	2015
001926	2015
001927	2015
001928	2016
001929	2015
001930	2015
001931	2016
001932	2015
001933	2015
001934	2015
001935	2015
001936	2015
001937	2015
001938	2016
001939	2015
001940	2015
001941	2015
001942	2015
001943	2015
001944	2015
001945	2015
001946	2016
001947	2015
001948	2015
001949	2016
001950	2016
001951	2014
001952	2015
001953	2016
001954	2015
001955	2014
001956	2015
001957	2015
001958	2015
001959	2015
001960	2015
001961	2015
001962	2015
001963	2013
001964	2015
001965	2015
001966	2015
001967	2015
001968	2015
001969	2015
001970	2015
001971	2015
001972	2015
001973	2015
001974	2015
001975	2015
001976	2015
001977	2015
001978	2015
001979	2015
001980	2015
001981	2015
001982	2015
001983	2015
001984	2016
001985	2015
001986	2015
001987	2015
001988	2015
001989	2015
001990	NODATA
001991	2015
001992	2015
001993	2015
001994	NODATA
001995	2015
001996	2015
001997	NODATA
001998	2015
001999	NODATA
002000	2015
002001	2015
002002	2015
002003	NODATA
002004	2015
002005	2015
002006	2015
002007	NODATA
002008	2015
002009	2015
002010	NODATA
002011	NODATA
002012	NODATA
002013	2015
002014	NODATA
002015	2015
002016	2015
002017	2015
002018	2015
002019	NODATA
002020	NODATA
002021	NODATA
002022	NODATA
002023	NODATA
002024	NODATA
002025	NODATA
002026	NODATA
002027	NODATA
002028	2015
002029	2015
002030	2014
002031	2015
002032	2015
002033	2015
002034	2015
002035	2015
002036	2015
002037	NODATA
002038	2015
002039	2015
002040	NODATA
002041	NODATA
002042	2015
002043	NODATA
002044	NODATA
002045	2015
002046	2015
002047	2015
002048	2015
002049	2015
002050	2015
002051	2015
002052	2015
002053	2015
002054	2015
002055	2015
002056	2015
002057	2014
002058	2015
002059	2015
002060	2015
002061	2015
002062	2015
002063	2019
002064	2019
002065	2019
002066	NODATA
002067	2017
002068	NODATA
002069	2019
002070	NODATA
002071	2019
002072	NODATA
002073	2019
002074	2016
002075	2015
002076	2019
002077	NODATA
002078	NODATA
002079	2019
002080	NODATA
002081	2019
002082	2013
002083	NODATA
002084	NODATA
002085	NODATA
002086	2018
002087	NODATA
002088	NODATA
002089	2019
002090	NODATA
002091	2019
002092	2019
002093	2019
002094	NODATA
002095	NODATA
002096	NODATA
002097	2019
002098	2014
002099	2015
002100	2015
002101	2014
002102	2015
002103	2015
002104	2015
002105	2015
002106	NODATA
002107	NODATA
002108	2015
002109	NODATA
002110	2015
002111	2015
002112	2015
002113	NODATA
002114	NODATA
002115	2015
002116	NODATA
002117	2015
002118	NODATA
002119	2015
002120	2015
002121	2015
002122	NODATA
002123	NODATA
002124	2015
002125	2015
002126	NODATA
002127	2015
002128	2012
002129	2015
002130	NODATA
002131	NODATA
002132	2015
002133	2014
002134	2015
002135	2015
002136	2015
002137	2015
002138	2015
002139	2014
002140	2015
002141	2015
002142	2015
002143	2015
002144	2015
002145	2015
002146	2015
002147	2014
002148	2015
002149	2015
002150	2015
002151	2015
002152	2015
002153	2015
002154	2012
002155	2015
002156	2015
002157	2015
002158	2015
002159	2015
002160	2015
002161	2015
002162	2015
002163	2015
002164	2015
002165	2015
002166	2015
002167	2015
002168	2013
002169	2015
002170	2015
002171	2015
002172	2015
002173	2015
002174	2015
002175	2015
002176	2015
002177	2015
002178	2015
002179	2015
002180	2015
002181	2015
002182	2015
002183	2015
002184	2015
002185	2014
002186	2015
002187	2015
002188	2015
002189	2015
002190	2015
002191	2015
002192	2015
002193	2015
002194	2015
002195	2015
002196	2015
002197	2015
002198	2015
002199	2015
002200	2015
002201	2015
002202	2015
002203	2014
002204	2015
002205	2015
002206	2014
002207	2015
002208	2015
002209	2014
002210	2015
002211	2014
002212	2014
002213	2015
002214	2015
002215	2014
002216	2015
002217	2015
002218	2015
002219	2015
002220	2015
002221	2015
002222	2014
002223	2015
002224	2015
002225	2015
002226	2015
002227	2015
002228	2015
002229	2015
002230	2015
002231	2015
002232	2015
002233	2015
002234	2015
002235	2015
002236	2015
002237	2014
002238	2015
002239	2015
002240	2015
002241	2014
002242	2015
002243	2014
002244	2014
002245	2015
002246	2014
002247	2014
002248	2015
002249	2015
002250	2015
002251	2014
002252	2014
002253	2014
002254	2014
002255	2014
002256	2014
002257	2014
002258	2014
002259	2015
002260	2015
002261	2014
002262	2015
002263	2014
002264	2014
002265	2014
002266	2014
002267	2014
002268	2015
002269	2014
002270	2014
002271	2014
002272	2014
002273	2014
002274	2014
002275	2013
002276	2013
002277	2014
002278	2014
002279	2015
002280	2014
002281	2014
002282	2014
002283	2014
002284	2014
002285	2014
002286	2014
002287	2015
002288	2014
002289	2014
002290	2014
002291	2014
002292	2015
002293	2014
002294	2015
002295	NODATA
002296	2014
002297	2014
002298	2014
002299	NODATA
002300	2014
002301	2014
002302	NODATA
002303	NODATA
002304	2014
002305	2014
002306	NODATA
002307	2014
002308	NODATA
002309	2014
002310	2015
002311	NODATA
002312	2014
002313	2015
002314	2014
002315	2014
002316	NODATA
002317	NODATA
002318	2014
002319	NODATA
002320	NODATA
002321	2014
002322	2014
002323	2014
002324	NODATA
002325	2014
002326	2014
002327	NODATA
002328	2014
002329	2014
002330	NODATA
002331	2014
002332	2014
002333	2014
002334	NODATA
002335	NODATA
002336	NODATA
002337	NODATA
002338	2014
002339	2014
002340	2014
002341	2014
002342	2014
002343	2014
002344	2014
002345	2014
002346	2014
002347	2014
002348	NODATA
002349	2014
002350	NODATA
002351	NODATA
002352	2014
002353	2014
002354	2014
002355	NODATA
002356	2014
002357	NODATA
002358	NODATA
002359	NODATA
002360	2013
002361	2014
002362	2014
002363	2014
002364	2014
002365	2014
002366	2014
002367	NODATA
002368	2014
002369	2014
002370	NODATA
002371	NODATA
002372	2014
002373	2014
002374	2014
002375	2014
002376	2014
002377	2014
002378	NODATA
002379	NODATA
002380	2014
002381	2014
002382	2014
002383	NODATA
002384	NODATA
002385	2014
002386	2014
002387	2014
002388	2010
002389	2014
002390	2014
002391	2014
002392	2014
002393	2014
002394	2014
002395	2013
002396	2014
002397	2014
002398	2014
002399	2014
002400	NODATA
002401	2014
002402	2014
002403	2014
002404	NODATA
002405	2014
002406	2014
002407	2014
002408	NODATA
002409	2014
002410	2014
002411	2014
002412	NODATA
002413	2014
002414	2014
002415	2014
002416	2014
002417	NODATA
002418	NODATA
002419	2013
002420	2014
002421	2014
002422	NODATA
002423	2014
002424	NODATA
002425	NODATA
002426	2014
002427	2014
002428	2014
002429	2012
002430	2014
002431	2014
002432	NODATA
002433	2014
002434	2013
002435	2014
002436	2014
002437	NODATA
002438	2014
002439	2014
002440	2014
002441	2014
002442	2014
002443	2014
002444	2014
002445	2014
002446	2014
002447	2014
002448	2014
002449	2014
002450	2014
002451	2014
002452	2014
002453	2014
002454	2014
002455	2014
002456	2014
002457	2014
002458	2014
002459	2019
002460	2019
002461	2019
002462	2019
002463	2019
002464	2018
002465	2019
002466	2019
002467	2019
002468	2019
002469	2019
002470	2019
002471	2019
002472	NODATA
002473	2019
002474	2019
002475	2019
002476	2019
002477	2019
002478	2019
002479	2019
002480	2019
002481	2019
002482	2018
002483	NODATA
002484	2018
002485	2019
002486	NODATA
002487	2019
002488	2019
002489	2018
002490	2019
002491	2019
002492	2018
002493	2019
002494	2018
002495	2014
002496	2014
002497	2014
002498	2014
002499	2013
002500	2014
002501	2014
002502	2014
002503	2014
002504	2014
002505	2014
002506	2014
002507	2014
002508	2014
002509	2014
002510	2014
002511	2014
002512	2013
002513	2014
002514	2014
002515	2014
002516	2014
002517	2014
002518	2014
002519	2014
002520	2014
002521	2013
002522	2014
002523	2013
002524	2014
002525	2014
002526	2014
002527	2014
002528	2014
002529	2014
002530	2014
002531	2014
002532	2014
002533	2014
002534	2014
002535	2014
002536	2014
002537	2014
002538	2014
002539	2014
002540	2013
002541	2014
002542	2014
002543	2014
002544	2014
002545	2014
002546	2014
002547	2014
002548	2014
002549	2014
002550	2014
002551	2014
002552	2014
002553	2014
002554	2014
002555	2014
002556	2014
002557	2014
002558	2013
002559	2014
002560	2014
002561	2013
002562	2013
002563	2014
002564	2014
002565	2013
002566	2014
002567	2014
002568	2014
002569	2014
002570	2014
002571	2014
002572	2014
002573	2014
002574	2013
002575	2014
002576	2014
002577	2014
002578	2014
002579	2014
002580	2014
002581	2014
002582	2014
002583	2014
002584	2014
002585	2013
002586	2014
002587	2013
002588	2013
002589	2014
002590	2014
002591	2014
002592	2014
002593	2014
002594	2015
002595	2014
002596	2014
002597	2013
002598	2014
002599	2014
002600	2014
002601	2014
002602	2014
002603	2013
002604	2014
002605	2013
002606	2013
002607	2013
002608	2014
002609	2013
002610	2013
002611	2013
002612	2014
002613	2014
002614	2013
002615	2013
002616	2013
002617	2013
002618	2013
002619	2014
002620	2014
002621	2014
002622	2013
002623	2013
002624	2014
002625	2013
002626	2012
002627	2013
002628	2013
002629	2013
002630	2013
002631	2014
002632	2014
002633	2013
002634	2013
002635	2013
002636	2012
002637	2013
002638	2012
002639	NODATA
002640	2013
002641	2013
002642	2013
002643	2013
002644	NODATA
002645	2013
002646	2013
002647	2013
002648	2013
002649	NODATA
002650	2014
002651	NODATA
002652	2013
002653	2014
002654	NODATA
002655	2013
002656	2013
002657	2013
002658	2013
002659	NODATA
002660	2013
002661	2014
002662	2013
002663	2014
002664	2013
002665	2014
002666	2013
002667	2013
002668	2013
002669	2013
002670	2013
002671	2014
002672	NODATA
002673	NODATA
002674	2013
002675	2013
002676	2013
002677	2013
002678	2013
002679	2013
002680	2013
002681	2013
002682	2013
002683	2013
002684	2014
002685	2013
002686	2013
002687	2013
002688	2013
002689	2013
002690	2013
002691	2013
002692	2013
002693	2013
002694	2013
002695	2013
002696	2013
002697	2013
002698	2013
002699	2013
002700	2013
002701	2013
002702	2013
002703	2013
002704	2013
002705	2013
002706	2013
002707	2013
002708	2012
002709	2013
002710	2013
002711	2013
002712	2013
002713	NODATA
002714	2013
002715	2013
002716	2013
002717	2013
002718	2013
002719	2013
002720	NODATA
002721	2013
002722	NODATA
002723	2013
002724	2013
002725	2013
002726	2013
002727	2013
002728	2013
002729	NODATA
002730	2013
002731	2013
002732	2013
002733	NODATA
002734	2013
002735	NODATA
002736	NODATA
002737	2013
002738	2013
002739	2013
002740	NODATA
002741	2013
002742	2013
002743	2013
002744	2013
002745	2013
002746	2013
002747	2013
002748	2013
002749	2013
002750	2013
002751	2013
002752	2013
002753	2013
002754	2013
002755	2013
002756	2013
002757	2013
002758	2013
002759	2013
002760	2013
002761	2013
002762	2013
002763	2013
002764	2013
002765	2013
002766	2013
002767	2013
002768	2013
002769	2013
002770	2013
002771	2013
002772	2013
002773	2013
002774	2013
002775	2013
002776	2013
002777	2013
002778	2013
002779	2013
002780	2013
002781	2013
002782	2012
002783	2013
002784	2013
002785	2013
002786	2013
002787	2013
002788	2013
002789	2013
002790	2013
002791	2013
002792	2013
002793	2013
002794	2013
002795	2013
002796	2013
002797	2013
002798	2013
002799	2013
002800	2011
002801	2013
002802	2013
002803	2013
002804	2013
002805	2013
002806	2013
002807	2013
002808	2013
002809	2013
002810	2013
002811	2013
002812	2013
002813	2013
002814	2012
002815	2013
002816	2013
002817	2013
002818	2013
002819	2013
002820	2013
002821	2013
002822	2013
002823	2013
002824	2013
002825	2013
002826	2013
002827	2013
002828	2013
002829	2013
002830	2013
002831	2012
002832	2013
002833	2013
002834	2013
002835	2013
002836	2013
002837	2013
002838	2013
002839	2013
002840	2013
002841	2013
002842	2013
002843	2013
002844	2013
002845	2013
002846	2013
002847	2013
002848	2013
002849	2013
002850	2013
002851	2013
002852	2013
002853	2013
002854	2017
002855	2019
002856	2016
002857	2019
002858	2018
002859	NODATA
002860	2018
002861	2019
002862	2019
002863	2019
002864	2016
002865	2018
002866	2019
002867	2019
002868	2018
002869	2019
002870	2018
002871	2019
002872	2019
002873	2018
002874	NODATA
002875	2019
002876	NODATA
002877	2019
002878	2018
002879	2018
002880	2019
002881	2018
002882	2018
002883	2019
002884	2019
002885	2019
002886	2019
002887	2019
002888	2019
002889	2015
002890	2013
002891	2013
002892	2013
002893	2013
002894	2013
002895	2013
002896	2013
002897	2013
002898	NODATA
002899	2013
002900	2013
002901	2013
002902	2013
002903	2013
002904	2013
002905	2013
002906	2013
002907	2013
002908	2013
002909	2013
002910	2013
002911	2013
002912	2013
002913	2013
002914	2013
002915	2013
002916	2013
002917	2013
002918	2013
002919	2013
002920	2013
002921	2013
002922	2013
002923	2013
002924	2013
002925	2012
002926	2013
002927	2013
002928	2013
002929	2013
002930	2013
002931	2012
002932	2013
002933	2013
002934	NODATA
002935	2013
002936	NODATA
002937	2013
002938	2013
002939	NODATA
002940	2013
002941	2013
002942	2013
002943	2012
002944	2013
002945	NODATA
002946	NODATA
002947	NODATA
002948	NODATA
002949	NODATA
002950	NODATA
002951	NODATA
002952	2013
002953	2013
002954	NODATA
002955	2013
002956	NODATA
002957	2013
002958	2013
002959	2013
002960	NODATA
002961	NODATA
002962	NODATA
002963	2012
002964	2013
002965	2013
002966	2012
002967	NODATA
002968	2013
002969	2013
002970	2013
002971	2013
002972	2013
002973	2012
002974	2013
002975	2013
002976	2013
002977	2013
002978	2013
002979	2013
002980	2013
002981	2012
002982	2013
002983	2013
002984	2013
002985	2013
002986	2012
002987	2012
002988	2013
002989	2013
002990	2013
002991	2013
002992	2013
002993	2013
002994	2013
002995	NODATA
002996	2013
002997	2013
002998	2012
002999	2012
003000	2012
003001	2012
003002	2012
003003	2013
003004	2012
003005	2012
003006	2013
003007	2013
003008	2012
003009	2012
003010	2012
003011	2012
003012	2013
003013	2012
003014	2012
003015	2012
003016	2012
003017	2012
003018	2012
003019	2013
003020	2012
003021	NODATA
003022	2012
003023	2012
003024	2012
003025	2012
003026	2012
003027	2012
003028	2012
003029	2012
003030	2012
003031	2012
003032	2010
003033	2012
003034	2012
003035	2012
003036	2012
003037	2012
003038	2012
003039	2012
003040	2012
003041	2012
003042	2012
003043	2012
003044	2012
003045	2012
003046	2012
003047	2012
003048	2012
003049	2012
003050	2012
003051	2012
003052	2012
003053	2012
003054	2012
003055	2011
003056	2011
003057	2011
003058	2012
003059	2012
003060	2012
003061	2012
003062	2012
003063	2012
003064	2012
003065	2012
003066	2012
003067	2012
003068	2012
003069	2012
003070	2011
003071	2012
003072	2012
003073	2012
003074	2012
003075	2012
003076	2012
003077	2012
003078	2012
003079	2012
003080	2012
003081	2012
003082	2012
003083	2012
003084	2012
003085	2012
003086	2011
003087	2012
003088	2012
003089	2012
003090	2012
003091	2012
003092	2011
003093	2012
003094	2012
003095	2012
003096	2012
003097	2012
003098	2012
003099	2012
003100	2012
003101	2012
003102	2012
003103	2012
003104	2012
003105	2012
003106	2012
003107	2012
003108	2012
003109	2012
003110	2012
003111	2012
003112	2012
003113	2012
003114	2012
003115	2012
003116	2012
003117	2012
003118	2012
003119	2012
003120	2012
003121	2012
003122	2012
003123	2012
003124	2012
003125	2012
003126	2012
003127	2012
003128	2012
003129	2012
003130	2012
003131	2012
003132	2012
003133	2012
003134	2012
003135	2012
003136	2012
003137	2012
003138	2012
003139	2012
003140	2012
003141	2012
003142	2012
003143	2012
003144	2012
003145	2012
003146	2012
003147	2012
003148	2012
003149	2012
003150	2012
003151	2012
003152	2012
003153	2012
003154	2012
003155	2012
003156	2012
003157	2012
003158	2012
003159	2012
003160	2012
003161	2012
003162	2012
003163	2012
003164	2012
003165	2012
003166	2012
003167	2012
003168	2012
003169	2012
003170	2012
003171	2012
003172	2012
003173	2012
003174	2012
003175	2012
003176	2012
003177	2012
003178	2011
003179	2012
003180	2012
003181	2012
003182	2012
003183	2012
003184	2012
003185	2012
003186	2012
003187	2012
003188	2012
003189	2012
003190	2012
003191	2012
003192	2011
003193	2012
003194	2012
003195	2012
003196	2012
003197	2012
003198	2011
003199	2012
003200	2012
003201	2012
003202	2012
003203	2012
003204	2012
003205	2012
003206	2012
003207	2012
003208	2011
003209	2012
003210	2012
003211	2012
003212	2012
003213	2012
003214	2012
003215	2012
003216	2012
003217	2012
003218	2012
003219	2011
003220	2012
003221	2012
003222	2012
003223	2012
003224	2012
003225	2012
003226	2012
003227	2012
003228	2012
003229	2011
003230	2012
003231	2012
003232	2012
003233	2012
003234	2012
003235	2011
003236	2012
003237	2012
003238	2012
003239	2011
003240	2012
003241	2012
003242	2012
003243	2012
003244	2012
003245	2011
003246	2011
003247	2012
003248	2011
003249	2012
003250	2018
003251	2018
003252	2019
003253	2019
003254	2019
003255	2018
003256	2018
003257	2018
003258	NODATA
003259	2019
003260	2019
003261	2019
003262	NODATA
003263	2018
003264	2019
003265	NODATA
003266	2018
003267	NODATA
003268	2019
003269	2018
003270	2019
003271	2017
003272	2019
003273	2019
003274	2019
003275	2018
003276	NODATA
003277	2017
003278	2018
003279	2019
003280	2018
003281	2018
003282	2019
003283	2016
003284	NODATA
003285	2018
003286	2012
003287	2012
003288	2012
003289	2012
003290	2012
003291	2011
003292	2012
003293	2012
003294	2012
003295	2011
003296	2011
003297	2012
003298	2011
003299	2010
003300	2012
003301	2011
003302	2011
003303	2012
003304	2012
003305	2012
003306	2011
003307	2012
003308	2011
003309	2011
003310	2011
003311	2012
003312	2012
003313	2013
003314	2012
003315	2011
003316	2012
003317	2012
003318	2011
003319	2012
003320	2011
003321	2012
003322	2011
003323	2012
003324	2011
003325	2012
003326	2011
003327	2010
003328	2010
003329	2011
003330	2011
003331	NODATA
003332	2011
003333	2012
003334	2011
003335	2011
003336	2012
003337	2011
003338	2011
003339	2011
003340	2011
003341	2010
003342	2011
003343	2011
003344	2011
003345	2011
003346	2012
003347	2011
003348	2012
003349	2010
003350	2011
003351	2011
003352	2010
003353	2011
003354	2012
003355	2011
003356	2010
003357	2012
003358	2011
003359	2011
003360	2011
003361	2011
003362	2011
003363	2011
003364	NODATA
003365	2011
003366	2011
003367	1994
003368	2012
003369	2011
003370	2011
003371	2011
003372	2011
003373	2011
003374	2011
003375	2011
003376	2011
003377	2011
003378	2011
003379	2011
003380	2011
003381	2011
003382	2011
003383	NODATA
003384	2011
003385	2011
003386	2011
003387	2011
003388	2011
003389	2011
003390	2011
003391	2011
003392	2011
003393	2009
003394	2010
003395	2011
003396	2011
003397	2011
003398	2011
003399	2011
003400	2010
003401	2011
003402	2011
003403	2011
003404	2011
003405	2011
003406	2011
003407	2011
003408	2011
003409	2011
003410	2011
003411	2011
003412	2011
003413	2011
003414	2011
003415	2011
003416	2011
003417	2011
003418	2011
003419	2011
003420	2011
003421	2011
003422	2011
003423	2011
003424	2011
003425	2011
003426	2011
003427	2011
003428	2011
003429	2011
003430	2011
003431	2011
003432	2011
003433	2011
003434	2011
003435	2011
003436	2011
003437	2011
003438	2011
003439	2011
003440	2011
003441	2011
003442	2010
003443	NODATA
003444	2011
003445	2011
003446	2011
003447	2011
003448	2011
003449	2011
003450	2011
003451	2011
003452	2011
003453	2011
003454	2011
003455	2011
003456	NODATA
003457	2011
003458	2011
003459	2011
003460	2011
003461	2011
003462	2011
003463	2011
003464	2011
003465	2011
003466	2011
003467	2011
003468	2011
003469	2011
003470	2011
003471	2011
003472	2011
003473	2011
003474	2011
003475	2011
003476	2011
003477	2011
003478	2011
003479	2011
003480	2011
003481	2011
003482	2011
003483	2011
003484	2011
003485	2010
003486	2011
003487	2011
003488	2011
003489	2011
003490	2011
003491	2011
003492	2011
003493	2011
003494	2011
003495	2007
003496	2011
003497	2011
003498	2011
003499	2011
003500	2011
003501	2011
003502	2011
003503	2011
003504	2011
003505	2011
003506	2011
003507	2011
003508	2011
003509	2011
003510	2011
003511	2011
003512	2011
003513	2010
003514	2011
003515	2011
003516	2010
003517	2011
003518	2011
003519	2011
003520	2010
003521	2011
003522	2011
003523	2011
003524	2011
003525	2011
003526	2011
003527	2011
003528	NODATA
003529	2011
003530	2011
003531	2011
003532	2011
003533	2011
003534	NODATA
003535	2011
003536	2011
003537	2011
003538	2011
003539	2010
003540	2011
003541	2010
003542	2010
003543	2011
003544	2005
003545	2011
003546	2011
003547	2011
003548	2010
003549	2010
003550	2010
003551	2010
003552	2010
003553	2011
003554	2011
003555	2011
003556	2011
003557	2011
003558	2011
003559	2010
003560	2011
003561	2010
003562	2011
003563	2011
003564	2011
003565	2011
003566	2011
003567	2010
003568	2010
003569	2011
003570	2010
003571	2011
003572	2010
003573	2011
003574	2011
003575	2011
003576	2011
003577	2011
003578	2010
003579	2010
003580	2010
003581	2010
003582	2010
003583	2011
003584	2010
003585	2010
003586	2010
003587	2010
003588	2011
003589	2010
003590	2010
003591	2010
003592	2010
003593	2010
003594	2010
003595	2010
003596	2010
003597	2010
003598	2010
003599	2011
003600	2010
003601	2010
003602	2010
003603	2010
003604	2010
003605	2010
003606	2010
003607	2010
003608	2010
003609	2010
003610	2010
003611	2010
003612	2010
003613	2010
003614	NODATA
003615	NODATA
003616	2018
003617	2019
003618	NODATA
003619	2018
003620	NODATA
003621	2019
003622	2019
003623	2019
003624	2018
003625	2017
003626	2018
003627	NODATA
003628	2018
003629	2016
003630	NODATA
003631	2018
003632	2019
003633	2018
003634	2019
003635	2018
003636	2018
003637	2014
003638	2015
003639	2018
003640	2019
003641	2018
003642	2017
003643	2019
003644	NODATA
003645	2018
003646	2018
003647	2018
003648	2019
003649	2013
003650	2010
003651	2010
003652	2010
003653	2010
003654	2010
003655	2010
003656	2010
003657	2010
003658	2010
003659	2010
003660	2010
003661	2010
003662	2010
003663	2010
003664	2010
003665	2010
003666	2010
003667	2010
003668	NODATA
003669	2010
003670	2010
003671	2010
003672	2010
003673	2010
003674	2010
003675	2010
003676	2010
003677	2010
003678	2010
003679	2010
003680	2010
003681	2010
003682	2010
003683	2010
003684	2010
003685	2010
003686	2010
003687	2010
003688	2010
003689	2010
003690	2010
003691	2010
003692	2010
003693	2010
003694	2010
003695	2010
003696	NODATA
003697	2010
003698	2010
003699	2010
003700	2010
003701	2010
003702	2010
003703	2009
003704	2010
003705	2010
003706	2009
003707	2010
003708	2010
003709	2010
003710	2010
003711	NODATA
003712	2010
003713	2010
003714	2010
003715	2009
003716	2010
003717	2009
003718	2010
003719	2010
003720	2010
003721	2010
003722	2010
003723	2010
003724	NODATA
003725	2009
003726	2010
003727	2010
003728	NODATA
003729	NODATA
003730	2010
003731	2010
003732	2010
003733	2010
003734	2010
003735	2010
003736	2010
003737	2010
003738	2010
003739	2010
003740	2010
003741	2010
003742	2010
003743	NODATA
003744	2010
003745	2010
003746	2010
003747	2010
003748	2010
003749	2010
003750	2009
003751	2009
003752	2010
003753	2010
003754	2010
003755	2010
003756	2010
003757	2010
003758	2010
003759	2010
003760	2010
003761	2010
003762	2010
003763	2010
003764	2010
003765	2010
003766	2010
003767	2010
003768	2010
003769	2010
003770	2010
003771	2010
003772	2010
003773	2010
003774	2010
003775	2010
003776	2010
003777	2010
003778	2010
003779	2010
003780	2010
003781	2010
003782	2010
003783	2010
003784	NODATA
003785	2009
003786	2010
003787	2010
003788	2010
003789	2010
003790	2010
003791	2010
003792	2010
003793	2010
003794	2010
003795	2010
003796	2010
003797	2010
003798	2009
003799	2010
003800	2010
003801	2010
003802	2010
003803	2010
003804	2010
003805	2010
003806	2010
003807	2010
003808	2009
003809	2010
003810	NODATA
003811	2010
003812	2009
003813	2010
003814	NODATA
003815	2010
003816	2010
003817	2009
003818	2009
003819	2010
003820	NODATA
003821	2010
003822	2009
003823	2009
003824	2010
003825	2010
003826	NODATA
003827	2009
003828	2010
003829	2010
003830	NODATA
003831	2010
003832	2010
003833	2010
003834	2009
003835	2010
003836	2010
003837	2010
003838	2010
003839	2010
003840	NODATA
003841	2010
003842	2009
003843	2009
003844	2009
003845	2010
003846	2010
003847	2009
003848	2009
003849	2009
003850	NODATA
003851	2005
003852	2010
003853	2009
003854	2009
003855	2009
003856	NODATA
003857	2009
003858	2009
003859	2009
003860	2009
003861	2009
003862	NODATA
003863	2009
003864	2009
003865	2009
003866	2009
003867	2009
003868	2009
003869	2009
003870	2010
003871	2009
003872	NODATA
003873	NODATA
003874	NODATA
003875	2010
003876	2009
003877	2009
003878	2009
003879	2009
003880	2009
003881	2009
003882	NODATA
003883	2009
003884	2009
003885	2009
003886	2009
003887	2009
003888	2009
003889	2009
003890	2009
003891	2009
003892	2008
003893	NODATA
003894	NODATA
003895	2009
003896	NODATA
003897	2009
003898	NODATA
003899	2009
003900	2009
003901	2009
003902	2008
003903	2009
003904	2009
003905	2009
003906	2009
003907	2009
003908	2009
003909	2009
003910	2009
003911	2009
003912	2009
003913	2009
003914	2009
003915	2009
003916	2009
003917	2009
003918	2009
003919	2009
003920	2009
003921	2009
003922	2009
003923	2009
003924	2009
003925	2009
003926	2009
003927	2009
003928	2009
003929	2009
003930	2009
003931	2009
003932	2009
003933	NODATA
003934	2009
003935	2009
003936	2009
003937	2009
003938	2009
003939	2009
003940	2009
003941	2009
003942	2009
003943	2009
003944	2009
003945	2009
003946	2009
003947	2009
003948	2009
003949	2009
003950	2009
003951	2009
003952	2009
003953	2009
003954	2009
003955	2009
003956	2009
003957	2009
003958	2009
003959	2009
003960	2009
003961	2009
003962	2009
003963	2009
003964	2009
003965	2009
003966	2009
003967	2009
003968	2009
003969	2009
003970	2009
003971	2009
003972	2009
003973	2009
003974	2009
003975	2009
003976	2009
003977	2009
003978	NODATA
003979	2009
